qSwat3_00192_avg_bsub	rSwat3_00192_avg_bsub	sSwat3_00192_avg_bsub
0	0.02175547	0.004388590589717587
0.00025	0	0
0.0005	0	0
0.00075	0	0
0.001	0	0
0.00125	0	0
0.0015	0	0
0.00175	0	0
0.002	0	0
0.00225	0	0
0.0025	0	0
0.00275	0	0
0.003	0.06753228999999994	0.2945011839981134
0.00325	0.03842258999999992	0.1826326678814231
0.0035	0.06084526999999995	0.1051250485276343
0.00375	0.01870142799999996	0.07388604335529358
0.004	0.035747694	0.05687875747094484
0.00425	0.03464558000000006	0.03675282358546024
0.0045	0.03385643300000002	0.03079541593673776
0.00475	0.02295866300000005	0.02336516604745414
0.005	0.02134008400000004	0.01866129690058545
0.00525	0.01591518700000005	0.01482459777304658
0.0055	0.01961238700000001	0.01140832099316037
0.00575	0.020271385	0.009995651543341203
0.006	0.02245982699999999	0.008367843048709446
0.00625	0.022236066	0.006760190105992274
0.0065	0.02354660600000003	0.006348004381942926
0.00675	0.02034037600000001	0.005214765710599849
0.007	0.019392437	0.004895994304001064
0.00725	0.0226421326	0.004404424784406945
0.0075	0.0174824744	0.003761876444553726
0.00775	0.0220189823	0.003596093949125589
0.008	0.01812225119999999	0.003167488480045756
0.00825	0.0181011459	0.002965000045397115
0.008500000000000001	0.0186512695	0.002812366453281287
0.008750000000000001	0.02198026209999999	0.002525612585056384
0.008999999999999999	0.0207361127	0.002447699089000975
0.00925	0.0193920477	0.002289733891866107
0.0095	0.0193677199	0.00214726006028291
0.00975	0.019455283	0.002166579366186057
0.01	0.01912239059999999	0.001878098205120497
0.01025	0.0194677651	0.001879466665976971
0.0105	0.0191219255	0.001770691889456992
0.01075	0.0192999255	0.001734243879744582
0.011	0.0187527143	0.001726133612750876
0.01125	0.0191454326	0.001593931158474633
0.0115	0.01847941149999999	0.001587372303853886
0.01175	0.0186583545	0.001513424250698636
0.012	0.0188051232	0.001495046979798206
0.01225	0.0192479806	0.00149145401561928
0.0125	0.0192643453	0.001401281183082384
0.01275	0.0196594994	0.001391099931547754
0.013	0.02021373720000001	0.001403775290090644
0.01325	0.0188224795	0.001322176638830658
0.0135	0.0192114413	0.001344710722198441
0.01375	0.0198378763	0.001295353312525497
0.014	0.0196394976	0.001272073248184475
0.01425	0.0186208319	0.001254517974208332
0.0145	0.0200555994	0.001196358033345508
0.01475	0.0189420016	0.001220019127252948
0.015	0.019622811	0.001157333158897493
0.01525	0.0179151088	0.001157465541847686
0.0155	0.0188739454	0.001158365409476615
0.01575	0.0187404849	0.001122559572215265
0.016	0.018188604	0.001137801439114805
0.01625	0.0191610719	0.00111149622715661
0.0165	0.0180949175	0.001059880213028128
0.01675	0.0182977367	0.001082048619005837
0.017	0.0190351344	0.00106869072273504
0.01725	0.0188599586	0.001049330262253328
0.0175	0.018797586	0.001048393259836707
0.01775	0.0191356307	0.001003572756365603
0.018	0.0189216413	0.001028957942306278
0.01825	0.0198828	0.0010038268664068
0.0185	0.0188952013	0.001014722105247523
0.01875	0.0194411827	0.000991197784190787
0.019	0.0189930353	0.0009422669837166478
0.01925	0.0200089198	0.0009802272177538967
0.0195	0.0190726476	0.0009547892721206643
0.01975	0.0193104321	0.0009695354563580413
0.02	0.0184747602	0.0009410531107028964
0.02025	0.0190527069	0.0009076038937189821
0.0205	0.0190543022	0.0009298871095842193
0.02075	0.0191664838	0.0009376749731282029
0.021	0.0189006918	0.0009116218998437678
0.02125	0.0192249235	0.0009108085083273551
0.0215	0.0191079865	0.0008763905379527132
0.02175	0.0191057146	0.0009005622918368181
0.022	0.0197715668	0.0008733561489537977
0.02225	0.0191589486	0.0008725229796051656
0.0225	0.0190421066	0.0008957344758960308
0.02275	0.0200291832	0.0008618320076702535
0.023	0.0185721672	0.0008842248065269117
0.02325	0.0193783497	0.0008898861248060384
0.0235	0.0189787185	0.0008719317094054995
0.02375	0.0199417804	0.000888394341698375
0.024	0.0192024853	0.0008620822606628711
0.02425	0.0194486652	0.0008723251931981227
0.0245	0.0185308975	0.0008859116316479355
0.02475	0.0187229039	0.0008674935669816372
0.025	0.0194001238	0.0008773869630885492
0.02525	0.0191221444	0.00086816838595735
0.0255	0.0188422591	0.000861201380892849
0.02575	0.0197009424	0.0008849103575527264
0.026	0.0189082065	0.0008497648609941085
0.02625	0.0185990359	0.0008716303333428724
0.0265	0.0189353057	0.0008525898535761722
0.02675	0.0192342616	0.0008501798219732524
0.027	0.019846561	0.0008666016926335659
0.02725	0.019380686	0.0008360062378329736
0.0275	0.0185121227	0.0008454759156693958
0.02775	0.0193286705	0.0008408562108767994
0.028	0.0186040748	0.0008335761762610328
0.02825	0.01931091	0.0008474267983713515
0.0285	0.0191968385	0.0008319751713555976
0.02875	0.0193626029	0.0008360149167390109
0.029	0.0193096146	0.0008281076816295587
0.02925	0.0186183887	0.0008218820182824038
0.0295	0.0194116201	0.0008437855914077401
0.02975	0.0195158442	0.000824634298038796
0.03	0.0196121958	0.0008433893455422146
0.03025	0.018896309	0.0008249140366155523
0.0305	0.019256528	0.0008078353722642934
0.03075	0.019242621	0.0008217511628925937
0.031	0.018561355	0.000800338743538084
0.03125	0.0189708471	0.0008152308012401299
0.0315	0.0190001677	0.0007989230889325622
0.03175	0.0198031841	0.0008040099291908577
0.032	0.0187453164	0.0008054048307638283
0.03225	0.019045789	0.0007995593937234051
0.0325	0.0182698326	0.0007910358498346574
0.03275	0.0189377945	0.0007994224330870385
0.033	0.0191990511	0.0007801079131429
0.03325	0.0193135858	0.0008000285518440943
0.0335	0.0196082738	0.0007935631225642435
0.03375	0.0181086875	0.0007836520594817034
0.034	0.0190660253	0.0007941359389358114
0.03425	0.0189623321	0.0007714904628412113
0.0345	0.0190717646	0.0007952161771315201
0.03475	0.0196996195	0.0007929997646022935
0.035	0.0185769331	0.0007779511619486241
0.03525	0.0194300223	0.0007787640606070382
0.0355	0.0192921407	0.000771303449156942
0.03575	0.018704802	0.0007778676649251036
0.036	0.0188700053	0.0007715474028383838
0.03625	0.0196787834	0.0007768503572349544
0.0365	0.0191900909	0.0007639433382994552
0.03675	0.0196194407	0.0007666143644019382
0.037	0.0186362281	0.0007596209939627582
0.03725	0.018520065	0.0007777552178075449
0.0375	0.0188676203	0.0007544998243930975
0.03775	0.0185571273	0.0007460089777031873
0.038	0.0196623284	0.0007560406280669571
0.03825	0.0190390576	0.0007490259334193876
0.0385	0.0190681842	0.0007477164356872958
0.03875	0.0195392193	0.0007504581726007447
0.039	0.0183680531	0.0007447148530719259
0.03925	0.0197754162	0.0007479335367554274
0.0395	0.0189435415	0.0007457516694046729
0.03975	0.0204878228	0.0007447710909657859
0.04	0.0196153187	0.0007479226208970365
0.04025	0.018789047	0.0007289174449522859
0.0405	0.0195059485	0.0007394250658128713
0.04075	0.019045974	0.0007357916318556708
0.041	0.0191522639	0.0007428252207223198
0.04125	0.0196181518	0.0007347102135077457
0.0415	0.0200382315	0.0007234985040029255
0.04175	0.0188270418	0.000728529857657991
0.042	0.0191018416	0.0007188761437842856
0.04225	0.0192683146	0.000736630263942022
0.0425	0.018745885	0.0007188000757467109
0.04275	0.0184968176	0.0007086273602188532
0.043	0.0192358137	0.0007260465382204224
0.04325	0.0197080394	0.0007193400548218214
0.0435	0.0186857534	0.0007177627454417409
0.04375	0.0200970129	0.0007191099933786195
0.044	0.0189289116	0.0007141696655426037
0.04425	0.0194286947	0.0007120381195329362
0.0445	0.0191749604	0.000706043700605685
0.04475	0.0190920971	0.0007039514627928861
0.045	0.0191296234	0.000715351088435748
0.04525	0.0193318315	0.0006950593969587017
0.0455	0.0184365241	0.0006867601632695472
0.04575	0.0194746699	0.0006968582758477626
0.046	0.0188275422	0.0006995464207203252
0.04625	0.0188448451	0.0007068073151027206
0.0465	0.0192176804	0.0006791117986019198
0.04675	0.0190723815	0.0006910198585151599
0.047	0.0178188074	0.0006908496423051003
0.04725	0.0184406625	0.0006945956932802092
0.0475	0.0191508338	0.0007003357857785923
0.04775	0.0193167052	0.000686267029681011
0.048	0.0189652676	0.000677778028967197
0.04825	0.0189642305	0.000683610828979925
0.0485	0.0190818209	0.0006839554764421844
0.04875	0.0187965585	0.0006858569989612568
0.049	0.0195194234	0.0006821847960127632
0.04925	0.0191916957	0.0006768830412273313
0.0495	0.0195380901	0.000676953234286253
0.04975	0.0190772421	0.0006740272760165816
0.05	0.0194892015	0.0006850217059124096
0.05025	0.0188726878	0.0006659513123847191
0.0505	0.0201099515	0.0006810322042810888
0.05075	0.0196202092	0.0006781459333676641
0.051	0.0188355848	0.00066952374624776
0.05125	0.0188275001	0.000672493641276734
0.0515	0.0188950428	0.0006614601024905927
0.05175	0.0184967623	0.0006769060544395673
0.052	0.0187520661	0.0006623798754551085
0.05225	0.0194340135	0.0006618954538666944
0.0525	0.0187127298	0.0006696212530658777
0.05275	0.019228553	0.0006636324059731857
0.053	0.0192177121	0.0006631387985584417
0.05325	0.0196795174	0.0006665334198866252
0.0535	0.0193819273	0.0006547791742202842
0.05375	0.0192202328	0.0006637900177031679
0.054	0.0196372025	0.0006561081924805205
0.05425	0.0195198574	0.0006536880483292275
0.0545	0.01883943	0.0006542683144894806
0.05475	0.0189804189	0.0006470423433936497
0.055	0.0195713565	0.0006583503420189226
0.05525	0.0189930668	0.000650005061699983
0.0555	0.0192756631	0.0006469337637348581
0.05575	0.0192037662	0.0006485184998796371
0.056	0.019018895	0.0006397871749130789
0.05625	0.0197152373	0.0006493932674935457
0.0565	0.0188739669	0.000643600682545805
0.05675	0.019003249	0.0006361275213225604
0.057	0.0186698966	0.000639645729416032
0.05725	0.0187600084	0.0006378954210100905
0.0575	0.019232283	0.0006457293994552979
0.05775	0.0190510417	0.000640101811771174
0.058	0.0189831685	0.0006272607396865638
0.05825	0.0193284566	0.000633064606231365
0.0585	0.0189967026	0.0006307960072705647
0.05875	0.019361391	0.0006351115324422548
0.059	0.0189340642	0.0006299366062964206
0.05925	0.0193191693	0.000627649456567178
0.0595	0.0196214565	0.0006330663889551628
0.05975	0.0186650377	0.0006291920914520869
0.06	0.0187294778	0.0006264753549301094
0.06025	0.0190127227	0.0006258756415802548
0.0605	0.0184029853	0.0006128529278869966
0.06075	0.0195114995	0.0006258104124007374
0.061	0.0181642306	0.0006209077270294142
0.06125	0.0187360424	0.0006155797570455388
0.0615	0.018975919	0.0006176304500953095
0.06175	0.0193127359	0.0006102216636041603
0.062	0.0187247687	0.0006201084796802279
0.06225	0.0185913113	0.000618642257890517
0.0625	0.019076069	0.0006133564176269115
0.06275	0.0190704901	0.0006197920789706927
0.063	0.0192186726	0.0006101746073348619
0.06325	0.019153845	0.000610361524923596
0.0635	0.0190516822	0.0006126807070631599
0.06375	0.0191656351	0.0006092589151247123
0.064	0.0180637709	0.0006049244173261645
0.06425	0.0184623757	0.000603853687807346
0.0645	0.0186009145	0.000603082319122188
0.06475	0.0195673284	0.0006150386953523155
0.065	0.0191323195	0.000601791752874832
0.06525	0.0195935156	0.000604435253887315
0.0655	0.0189882675	0.0005959871447260608
0.06575	0.0188794763	0.0006025605149982074
0.066	0.01893449	0.0006095685986562551
0.06625	0.0184768163	0.0005963927414884638
0.0665	0.0189551171	0.000598450739340667
0.06675	0.0197219508	0.000603399604471522
0.067	0.0195287877	0.0005932811185974897
0.06725	0.0191735963	0.0005976931872667812
0.0675	0.0190698366	0.0005994401838914443
0.06775	0.0191816822	0.0005966515197880714
0.068	0.0195344989	0.0005997132909667551
0.06825000000000001	0.0191928208	0.0005915658390124593
0.06850000000000001	0.0193218501	0.0005917050742946232
0.06875000000000001	0.0189268735	0.0005887274415652931
0.06900000000000001	0.0184212702	0.0005830487640579241
0.06925000000000001	0.0191269598	0.0005850954363359276
0.06950000000000001	0.0191083434	0.000584167253367685
0.06975000000000001	0.0189261166	0.0005835596412003488
0.07000000000000001	0.0184319409	0.0005755646484265905
0.07025000000000001	0.0188872004	0.0005873912712423343
0.07049999999999999	0.0191249795	0.0005854038695436956
0.07074999999999999	0.0189121848	0.000569543526806545
0.07099999999999999	0.0192554233	0.0005845267136943921
0.07124999999999999	0.0187314266	0.0005817403475795924
0.07149999999999999	0.0185660894	0.0005723174849498317
0.07174999999999999	0.0194200695	0.0005740698528036868
0.07199999999999999	0.0192297252	0.0005743714949925505
0.07224999999999999	0.0191282678	0.0005764307330025389
0.0725	0.0188993663	0.0005790036790134374
0.07275	0.0189760975	0.0005728320306920805
0.073	0.0192401104	0.0005728389203505712
0.07325	0.0195125591	0.0005681832668517266
0.0735	0.0193935551	0.0005748455629230498
0.07375	0.0187650542	0.0005736483709775277
0.074	0.0189232677	0.0005652514241717657
0.07425	0.019263926	0.0005693632988918212
0.0745	0.0189628935	0.0005625569370697551
0.07475	0.0185951311	0.0005648966240507178
0.075	0.0193555181	0.000571376033784193
0.07525	0.0193018371	0.0005679736848454963
0.0755	0.0191560721	0.0005578305307500663
0.07575	0.0182829277	0.0005574223084333522
0.076	0.0197820079	0.0005711697797834879
0.07625	0.0194853895	0.0005709154850952463
0.0765	0.0190035468	0.0005604977771264144
0.07675	0.0184585201	0.0005566093589519164
0.077	0.0190644978	0.0005638747032893042
0.07725	0.0189195757	0.0005642330884068944
0.0775	0.0185817474	0.0005759844977833054
0.07775	0.0190601606	0.000572669966825734
0.078	0.0193874548	0.0005838412215811311
0.07825	0.0192198985	0.0005874916590256294
0.0785	0.0188376404	0.0005877496481188337
0.07875	0.019297206	0.0005940432423784506
0.079	0.0188538726	0.0005865563547316523
0.07925	0.0190032316	0.0005893999525223214
0.0795	0.0193553175	0.0006004452270698213
0.07975	0.0186647922	0.0005932919172131817
0.08	0.0191135451	0.0005998741171993397
0.08025	0.0194338205	0.0006022466552965655
0.0805	0.0189829787	0.0005949668905811669
0.08075	0.0196611235	0.0006065920387646334
0.081	0.0192491099	0.00059394475119752
0.08125	0.0195165674	0.0006141708174056745
0.0815	0.0191100863	0.0006054597071144178
0.08175	0.018525196	0.0005971120676688447
0.082	0.0192744133	0.0006114204992078325
0.08225	0.0194215573	0.0006033143262746969
0.0825	0.0183797656	0.0006145142147653792
0.08275	0.0187870021	0.0006063721241745138
0.083	0.0191292727	0.0006028948608700171
0.08325	0.019406522	0.000614095763693184
0.0835	0.0196344301	0.0006076275904859518
0.08375	0.0191627706	0.0006100336318977028
0.08400000000000001	0.0189153151	0.0006116270854118627
0.08425000000000001	0.0191066156	0.0006010623925779026
0.08450000000000001	0.0196240676	0.0006132400715350496
0.08475000000000001	0.0186667961	0.0006050912423983953
0.08500000000000001	0.0190159014	0.0006131658736870228
0.08525000000000001	0.0189871372	0.0006257750536907457
0.08550000000000001	0.0188261315	0.0005997815342510166
0.08575000000000001	0.0184643142	0.0006185652373733059
0.08599999999999999	0.0190291135	0.0006111270100407337
0.08624999999999999	0.0188967615	0.0006192031004139483
0.08649999999999999	0.0190387236	0.0006242070120482661
0.08674999999999999	0.0191844637	0.0006095780050432032
0.08699999999999999	0.0188775943	0.0006032122008258317
0.08724999999999999	0.0190476947	0.0005985594515777107
0.08749999999999999	0.0192896682	0.0005913182827843487
0.08774999999999999	0.0188089983	0.0005910626526522051
0.08799999999999999	0.0196626405	0.0005875204471310924
0.08825	0.01887868	0.0005830658935741854
0.0885	0.0194137026	0.0005866285265626032
0.08875	0.0197558335	0.000576696859957343
0.089	0.0191462218	0.0005788790961981198
0.08925	0.019339354	0.0005667862725634974
0.0895	0.0187367186	0.0005730760781244566
0.08975	0.0189968718	0.0005817281275880307
0.09	0.018584801	0.0005579050415992321
0.09025	0.019031072	0.0005691709303889202
0.0905	0.0183854254	0.0005589373462736327
0.09075	0.0187813102	0.0005625678554704157
0.091	0.0188554318	0.0005612847859109443
0.09125	0.019306286	0.000555921837041985
0.0915	0.0187896541	0.0005616337290654134
0.09175	0.0188827174	0.0005534138979302421
0.092	0.0193904801	0.0005536215259842807
0.09225	0.0178781653	0.000548838935203015
0.0925	0.0185605211	0.000549545017178021
0.09275	0.0186502803	0.0005517244441054159
0.093	0.019315547	0.0005498876729892919
0.09325	0.0193611566	0.000545493808944426
0.0935	0.0191759819	0.0005508830271871484
0.09375	0.0191731649	0.0005477414801047857
0.094	0.0187263751	0.0005469559618478764
0.09425	0.0189572947	0.0005466573775660773
0.0945	0.0189445841	0.0005352278952343525
0.09475	0.0188448383	0.0005434312762619593
0.095	0.018843552	0.0005383099110687277
0.09525	0.019674061	0.0005444411184632772
0.0955	0.0184004531	0.0005360960398480851
0.09575	0.0190974951	0.0005335815736059541
0.096	0.018663736	0.0005396147646442357
0.09625	0.0191360262	0.000539040609235505
0.0965	0.019518071	0.0005427614210982266
0.09675	0.0191417102	0.0005341384783066169
0.097	0.0189049147	0.0005277573965755231
0.09725	0.018832131	0.0005347112806099329
0.0975	0.0188022108	0.0005316022453444411
0.09775	0.0197878379	0.0005359593882132151
0.098	0.0183774279	0.0005290375224336395
0.09825	0.0195478857	0.000530723167379063
0.0985	0.0189924356	0.000528010639471494
0.09875	0.0190501913	0.0005318204899380935
0.099	0.0186974995	0.0005270969682044013
0.09925	0.0191346701	0.0005280555297024484
0.09950000000000001	0.0192060131	0.0005257857323432987
0.09975000000000001	0.0191322858	0.0005223720299481469
0.1	0.0191973704	0.0004369810535456858
0.1005	0.0194018441	0.0003836851240718585
0.101	0.0190325544	0.0003895737460104835
0.1015	0.0193256587	0.0003951005690039815
0.102	0.0192037412	0.000390936253506162
0.1025	0.0189538348	0.0003903563378662152
0.103	0.0191150383	0.0003859911528927405
0.1035	0.0193097881	0.000380310310139521
0.104	0.0192649722	0.0003768225967147413
0.1045	0.0190323221	0.0003708688586967466
0.105	0.0189951655	0.0003678407946023053
0.1055	0.019293025	0.0003665412179444125
0.106	0.0192813945	0.0003674121098303526
0.1065	0.0190883344	0.0003642624720407826
0.107	0.0196750865	0.0003627966354912912
0.1075	0.0192619181	0.0003629571193997703
0.108	0.0190336549	0.0003592198129885757
0.1085	0.0190561472	0.0003613968875918019
0.109	0.0192422697	0.0003589755268050335
0.1095	0.0190335233	0.000354518818098706
0.11	0.0192061692	0.0003571478197916954
0.1105	0.0191133828	0.0003545534668524525
0.111	0.0194847441	0.0003549036177435413
0.1115	0.0188667174	0.0003527573516735738
0.112	0.0190903362	0.0003529823312006802
0.1125	0.019071836	0.0003505912960596035
0.113	0.0192901523	0.0003508044103952426
0.1135	0.0192913529	0.0003506830002341245
0.114	0.0192387638	0.0003486132017961804
0.1145	0.018930394	0.0003452126729218857
0.115	0.019517144	0.0003477549931983672
0.1155	0.0194498158	0.0003467359382593454
0.116	0.0189010991	0.000344472343693105
0.1165	0.019299696	0.0003451887355256079
0.117	0.01920354	0.0003415069090677191
0.1175	0.0189054157	0.0003424122601744164
0.118	0.019097034	0.0003404219073983
0.1185	0.0191202412	0.0003402008399429247
0.119	0.0194369979	0.0003416751127144229
0.1195	0.0190059097	0.0003391324042486594
0.12	0.0193410765	0.0003395538293995464
0.1205	0.0192659502	0.0003378029620309289
0.121	0.0189753899	0.0003370467397125738
0.1215	0.0194724303	0.0003373843647137179
0.122	0.0190828243	0.0003362611340236577
0.1225	0.019308087	0.0003365602081437661
0.123	0.0196047717	0.0003333832381587334
0.1235	0.0191077699	0.0003330916777048186
0.124	0.0191576422	0.0003333474918584663
0.1245	0.0189294513	0.0003309691859077529
0.125	0.019099826	0.0003318829345747223
0.1255	0.0191341873	0.0003293915610159251
0.126	0.0193441463	0.0003286509374008589
0.1265	0.0191369784	0.0003295158146863776
0.127	0.0191651199	0.0003278865931322214
0.1275	0.0191872726	0.0003258094183452067
0.128	0.0188794144	0.0003234744409228186
0.1285	0.0190862602	0.000325131047987617
0.129	0.0191350709	0.0003246845363142297
0.1295	0.0189584093	0.0003199761830256322
0.13	0.0190973047	0.0003216163249773523
0.1305	0.0190554507	0.0003208734598554024
0.131	0.0191198911	0.0003216936138017969
0.1315	0.0189414529	0.0003206104399854869
0.132	0.0192255015	0.0003186340794564517
0.1325	0.0188636083	0.0003190513351653566
0.133	0.0192797329	0.0003190016449511854
0.1335	0.0188616585	0.0003170208930949423
0.134	0.0193320602	0.0003208029384637313
0.1345	0.0190572431	0.000316618082962483
0.135	0.0191721895	0.0003176802589830498
0.1355	0.0192342732	0.0003169725501411779
0.136	0.0194384293	0.0003173037065709538
0.1365	0.0193670025	0.0003148611640968368
0.137	0.0191813158	0.0003127040575235964
0.1375	0.0192372246	0.0003141601779110985
0.138	0.0191747719	0.0003127263654136427
0.1385	0.0191168296	0.0003132040426816272
0.139	0.0190981562	0.0003125175173261512
0.1395	0.0190847178	0.0003095884874904648
0.14	0.01931239	0.0003117180397811866
0.1405	0.0193537758	0.0003114421577117216
0.141	0.0191842997	0.0003098339793411582
0.1415	0.019219934	0.0003103968665173303
0.142	0.019152144	0.0003082881068394642
0.1425	0.0190219289	0.000309254505813815
0.143	0.0191936635	0.0003106556713451059
0.1435	0.0189006326	0.0003048860738350017
0.144	0.0196261677	0.0003091221475201236
0.1445	0.0191739233	0.0003068748827748554
0.145	0.019169451	0.0003058701754217982
0.1455	0.0191888852	0.0003058401032917464
0.146	0.0189896773	0.0003033947397323344
0.1465	0.0190063179	0.000303145251225756
0.147	0.0189890798	0.0003021631154848344
0.1475	0.0192243788	0.0003035123833120286
0.148	0.0186284338	0.0003019833938974545
0.1485	0.0194407249	0.0003025963780518188
0.149	0.019293689	0.0003042317702429802
0.1495	0.0189648225	0.000299816951755513
0.15	0.0191776069	0.0003017166133405641
0.1505	0.0192221303	0.0002999900432627516
0.151	0.0194061465	0.0003004301540235745
0.1515	0.019211782	0.0003000423555674071
0.152	0.0191660931	0.0002956242582827945
0.1525	0.0191179508	0.0002958374469185732
0.153	0.0193159405	0.0002952707529583026
0.1535	0.0189124147	0.0002953981956604956
0.154	0.01896599	0.0002945137712144416
0.1545	0.0191831077	0.0002933515096160085
0.155	0.0191624236	0.0002925701350983046
0.1555	0.0189324808	0.0002909101691343368
0.156	0.0189610423	0.0002912690850808106
0.1565	0.0191625522	0.0002933152705168271
0.157	0.0195745147	0.000293159224550843
0.1575	0.0193475966	0.0002912835295380331
0.158	0.0191325358	0.0002908994391548878
0.1585	0.0191150853	0.0002898244652535774
0.159	0.0190626174	0.0002896262958748724
0.1595	0.0188232541	0.000286977193324773
0.16	0.0189762503	0.0002885142536000122
0.1605	0.0194271978	0.0002886740144668888
0.161	0.019074636	0.0002869585738275742
0.1615	0.0192330852	0.000289987408168929
0.162	0.0190980995	0.0002911802056676798
0.1625	0.0191388417	0.0002965762021866737
0.163	0.0192354828	0.0002978182326704287
0.1635	0.0190210446	0.0002970271902972541
0.164	0.0189681753	0.0002984152138149231
0.1645	0.0190960406	0.0002963403659814626
0.165	0.019234796	0.0002915866851587496
0.1655	0.0190772331	0.0002886609215028931
0.166	0.0191914986	0.0002891696139147732
0.1665	0.019261723	0.0002875874327623583
0.167	0.0190704744	0.000285541707277423
0.1675	0.0189183469	0.0002849154254486164
0.168	0.0191169134	0.0002843541466681141
0.1685	0.0191988973	0.0002837202016670017
0.169	0.0191021963	0.0002831276827201065
0.1695	0.0191865855	0.0002803591733499776
0.17	0.019134175	0.0002803775005273661
0.1705	0.0191111271	0.0002805208640571577
0.171	0.0188073754	0.0002806128002651177
0.1715	0.01912195	0.0002791528201439516
0.172	0.0188980911	0.0002782586389835262
0.1725	0.0190223357	0.0002777535109229302
0.173	0.0190827967	0.0002779096289966306
0.1735	0.0191423744	0.0002791698289378229
0.174	0.019132163	0.0002773237303360344
0.1745	0.0193987946	0.0002763008713749324
0.175	0.0189702991	0.0002765799727491158
0.1755	0.0189999022	0.0002757555889986945
0.176	0.0188908993	0.0002735604034693496
0.1765	0.0191452274	0.0002747726591851105
0.177	0.0190425271	0.0002726566583608667
0.1775	0.0192555745	0.0002744780802463164
0.178	0.0192021658	0.0002730051045944394
0.1785	0.0187933603	0.000272429638098422
0.179	0.0194148546	0.0002724014783883529
0.1795	0.0188426323	0.0002710296850004132
0.18	0.01894974	0.0002716298931728332
0.1805	0.0191013039	0.0002690496322479512
0.181	0.0190336487	0.0002685990281641287
0.1815	0.0190223698	0.0002685739005912016
0.182	0.0189531487	0.0002680548622000504
0.1825	0.0190041076	0.0002684806083971076
0.183	0.0190329938	0.0002671745775184285
0.1835	0.0191211726	0.0002670112770285285
0.184	0.0189738075	0.0002666831212202583
0.1845	0.0188104849	0.0002655512892634964
0.185	0.0189199182	0.0002661558394627092
0.1855	0.0190855543	0.0002650870877228864
0.186	0.0189239719	0.0002655631337903255
0.1865	0.0187992156	0.0002648056150767768
0.187	0.0192420059	0.0002650139200623224
0.1875	0.0190996187	0.0002653668242438576
0.188	0.0188937749	0.0002627290722726559
0.1885	0.0192538346	0.0002642658208395959
0.189	0.0189171797	0.0002631135112920987
0.1895	0.0189013302	0.0002624702996282023
0.19	0.0187715909	0.0002613449908019055
0.1905	0.0191074891	0.0002608522034189482
0.191	0.0191260582	0.0002621311475661667
0.1915	0.0190513427	0.0002622927244771569
0.192	0.0190008656	0.0002596362153557744
0.1925	0.0191048806	0.0002593359159085181
0.193	0.0192184962	0.0002597779011757697
0.1935	0.019092051	0.0002604241834452244
0.194	0.0187687508	0.0002584746014577944
0.1945	0.0187508194	0.0002567372815347744
0.195	0.0190864435	0.0002584074313343455
0.1955	0.0189282161	0.0002580946866505813
0.196	0.0192118114	0.0002590552263661146
0.1965	0.0190326513	0.0002581594354299006
0.197	0.0188754877	0.0002556478267917473
0.1975	0.0187717263	0.0002555260956762015
0.198	0.0191057707	0.0002557483940757778
0.1985	0.0187839827	0.0002562876181149629
0.199	0.0190547038	0.0002553659205934037
0.1995	0.0188998537	0.0002540921329726649
0.2	0.0187995817	0.0002544654776457142
0.2005	0.0190918932	0.0002540538351195101
0.201	0.018758177	0.0002529836808105059
0.2015	0.0191173849	0.0002541058574268745
0.202	0.0189924707	0.0002517211364014469
0.2025	0.0189647123	0.000252876831610137
0.203	0.0190260832	0.0002527693374932496
0.2035	0.0192333944	0.000251363144773016
0.204	0.0187262841	0.0002511672568486844
0.2045	0.0189524516	0.0002496289048567931
0.205	0.0189819762	0.0002521123370536211
0.2055	0.0188174651	0.0002498963449586975
0.206	0.0187878909	0.0002494492090794396
0.2065	0.0187280062	0.0002477442512765902
0.207	0.0189160272	0.0002489067677798088
0.2075	0.0190144707	0.0002496323849741355
0.208	0.0189027434	0.0002480503172621981
0.2085	0.0190519428	0.0002477879089770579
0.209	0.0192016384	0.0002483179804066707
0.2095	0.0189017221	0.0002463274059231225
0.21	0.0189641691	0.0002471720208545089
0.2105	0.0188117246	0.0002457151539283391
0.211	0.0188391781	0.0002462424990900727
0.2115	0.0189167232	0.0002463001031205529
0.212	0.0189557128	0.0002445725765097241
0.2125	0.0189164445	0.0002457492099120709
0.213	0.0190584581	0.0002447342212800563
0.2135	0.0185569669	0.0002442073052941146
0.214	0.0189327069	0.0002439948080954369
0.2145	0.0188734788	0.0002445438627993266
0.215	0.0188610194	0.0002437165978099779
0.2155	0.018901257	0.000241657969567087
0.216	0.0191737718	0.0002442459179842709
0.2165	0.0190118344	0.0002441801309996887
0.217	0.0188747653	0.0002444255778553583
0.2175	0.018841068	0.0002467185678796359
0.218	0.0189169786	0.0002492040145020887
0.2185	0.0192552995	0.0002518977821312857
0.219	0.0188483369	0.0002515001590692097
0.2195	0.0189036242	0.0002523885808453227
0.22	0.0191130021	0.0002553548693547621
0.2205	0.0189865274	0.0002546093825964598
0.221	0.0188720805	0.0002560016864432315
0.2215	0.019088813	0.0002577533020165496
0.222	0.0188769364	0.0002568950298506805
0.2225	0.0188557972	0.0002579596210347648
0.223	0.0187803944	0.0002571926085010517
0.2235	0.0190806115	0.0002582623116391018
0.224	0.0190827644	0.0002589660986929861
0.2245	0.0188453778	0.0002593364203598899
0.225	0.0187208974	0.0002607923615353405
0.2255	0.0188669774	0.0002599147102329832
0.226	0.0185748073	0.0002608525586713815
0.2265	0.0188134238	0.0002600810661868865
0.227	0.018844364	0.0002559381823408701
0.2275	0.0188012442	0.0002538939998057253
0.228	0.0188552321	0.0002517734152687452
0.2285	0.0190010396	0.0002512659972528617
0.229	0.0188296512	0.0002496752349321015
0.2295	0.0189213019	0.0002488579831142777
0.23	0.0187665687	0.0002481208853379463
0.2305	0.0188537328	0.0002464862933188729
0.231	0.0191680732	0.0002472373947568625
0.2315	0.0188403552	0.0002451143645694978
0.232	0.0188180322	0.0002456067995608484
0.2325	0.0188087747	0.0002435735906521877
0.233	0.0190241278	0.0002429534878086013
0.2335	0.0192833602	0.0002436897832699713
0.234	0.0189531926	0.000241024887322157
0.2345	0.0188434516	0.0002412426070250979
0.235	0.019155602	0.0002410913467868949
0.2355	0.0187836317	0.000239293977974677
0.236	0.0188176409	0.0002401535724020975
0.2365	0.0190724964	0.0002401453936590289
0.237	0.0190310295	0.0002391641444491922
0.2375	0.0190157806	0.0002394469780589262
0.238	0.0190908811	0.0002386777560066788
0.2385	0.0188098334	0.0002379138870061098
0.239	0.0190285831	0.0002373763635148708
0.2395	0.0188827313	0.0002365814441932051
0.24	0.0188079358	0.000235983565122758
0.2405	0.0191722999	0.000235661992006323
0.241	0.0192001938	0.000236502411931567
0.2415	0.0191158925	0.000234407889684614
0.242	0.0188919352	0.0002341378743836485
0.2425	0.018850478	0.0002349488287520873
0.243	0.0188545988	0.0002327532936351312
0.2435	0.0187767445	0.0002329434029313803
0.244	0.0189611619	0.0002329173110778306
0.2445	0.0187935729	0.0002334546448246774
0.245	0.0189182779	0.0002328012335783763
0.2455	0.0190045229	0.0002314023644751631
0.246	0.0186961438	0.0002313233907390438
0.2465	0.0188615026	0.0002317261400729817
0.247	0.0187930586	0.0002314677681081954
0.2475	0.0187841599	0.000230102955764098
0.248	0.0190599858	0.0002297702306689275
0.2485	0.0190247	0.0002306424331900609
0.249	0.0190008571	0.0002300327036764712
0.2495	0.0188539872	0.0002304136610262454
0.25	0.018912376	0.0002283438689459756
0.2505	0.0188316015	0.0002282594472601681
0.251	0.018979343	0.0002291544502789633
0.2515	0.0189605903	0.0002279303818844336
0.252	0.0190283075	0.0002284546232720959
0.2525	0.0189423351	0.0002272486827697869
0.253	0.0186859314	0.0002262935608204919
0.2535	0.0187131835	0.0002275467817519872
0.254	0.0192897267	0.0002269731101311882
0.2545	0.0190725682	0.0002272372597424955
0.255	0.0188152803	0.0002259988845520542
0.2555	0.0189017903	0.0002255225453445345
0.256	0.0188412942	0.0002257592041057344
0.2565	0.018952557	0.0002249564749267214
0.257	0.0188954502	0.000224406576747396
0.2575	0.0188457884	0.0002237157393053986
0.258	0.0189336757	0.0002242803063523178
0.2585	0.0189540972	0.0002248068217630189
0.259	0.0188007426	0.0002234076740313275
0.2595	0.0189184641	0.0002235172249999295
0.26	0.0189116778	0.0002226658396023585
0.2605	0.0192663943	0.0002242226825566839
0.261	0.0188541627	0.0002230461259889403
0.2615	0.0188213012	0.0002210815936270174
0.262	0.0190097141	0.000223038967918361
0.2625	0.0189478	0.000221410531022383
0.263	0.0186396086	0.0002201495828378695
0.2635	0.0188417597	0.0002217049744400508
0.264	0.018936421	0.0002194265523366317
0.2645	0.0190433495	0.0002206384540046042
0.265	0.018692256	0.0002192568642920371
0.2655	0.0188465869	0.0002205522712873779
0.266	0.0188659646	0.0002198099541442403
0.2665	0.0188739209	0.0002186212338619828
0.267	0.0189551168	0.000219035540885578
0.2675	0.0190372235	0.0002183331207947817
0.268	0.0186164924	0.0002177935281147239
0.2685	0.0190279118	0.00021886829882624
0.269	0.0188395619	0.0002178506857083004
0.2695	0.0191353669	0.0002180268100693363
0.27	0.0190137699	0.0002174339781418303
0.2705	0.0189060458	0.0002178583280809386
0.271	0.0188591392	0.0002166589083405928
0.2715	0.0187844597	0.0002156430474860411
0.272	0.018985702	0.0002165993166359123
0.2725	0.018984932	0.0002163749335040898
0.273	0.0190669535	0.0002158879148306518
0.2735	0.0186902389	0.0002142765707936868
0.274	0.018782139	0.0002139243130722243
0.2745	0.0186686413	0.0002143581270471885
0.275	0.0188369541	0.0002140055069924038
0.2755	0.019023742	0.0002146453605353119
0.276	0.018770069	0.0002129887707576057
0.2765	0.018796115	0.0002130324876266899
0.277	0.0188385308	0.0002138684667054467
0.2775	0.0190496108	0.0002134647769532908
0.278	0.0188114629	0.0002125483894447157
0.2785	0.0189182627	0.0002126781070438662
0.279	0.0188231292	0.0002128307341098492
0.2795	0.0192064138	0.0002141543280929014
0.28	0.018943113	0.000212734793709476
0.2805	0.0188121137	0.0002126868192297879
0.281	0.0190561199	0.000212222909917326
0.2815	0.0188868527	0.0002110516622375466
0.282	0.01901362	0.0002125749641228635
0.2825	0.0190126437	0.0002103298384893568
0.283	0.0190993625	0.0002114847842571548
0.2835	0.0186394443	0.0002098259569283376
0.284	0.0187958052	0.0002099692026589898
0.2845	0.0187597547	0.0002107032097154619
0.285	0.018787082	0.0002087276016336543
0.2855	0.0189677749	0.000209447796734543
0.286	0.0186703625	0.0002086598713364388
0.2865	0.0188004446	0.0002092619212795782
0.287	0.0187724197	0.0002091975478040201
0.2875	0.0189023101	0.0002081904424687827
0.288	0.0187257298	0.0002074064810202592
0.2885	0.0187808918	0.0002076547906811227
0.289	0.0188914012	0.000208419222120991
0.2895	0.0188406851	0.000207626719584426
0.29	0.0187845499	0.0002070158372125109
0.2905	0.0190563914	0.0002078507207826494
0.291	0.0187725387	0.0002060227426808614
0.2915	0.0187968407	0.0002067364569455543
0.292	0.0189137817	0.0002058234208914006
0.2925	0.0188374144	0.0002056192815932087
0.293	0.0187625402	0.000205536271833195
0.2935	0.0187869782	0.0002056262215106532
0.294	0.0190430477	0.0002065965920956043
0.2945	0.0189112107	0.0002049523044442198
0.295	0.0187303344	0.0002044163014128544
0.2955	0.0190651316	0.0002053624724842174
0.296	0.0188356472	0.0002044258829967546
0.2965	0.0188462754	0.0002046953521144987
0.297	0.0188701386	0.0002039717477124608
0.2975	0.0190825795	0.0002048031795256907
0.298	0.0188975826	0.000203179025038356
0.2985	0.018912302	0.0002034885839010704
0.299	0.0188362857	0.0002033585043742439
0.2995	0.0185148522	0.0002012271343161042
0.3	0.0188363414	0.0002026338951155976
0.3005	0.0187057813	0.0002029067292662579
0.301	0.0188814507	0.0002024027468745083
0.3015	0.0189676037	0.0002028245084952461
0.302	0.0188362469	0.0002018750709226991
0.3025	0.0187610766	0.0002016833309742686
0.303	0.0188706857	0.0002022927890399864
0.3035	0.0187685241	0.0002016112948620416
0.304	0.0189321728	0.0002020585263772522
0.3045	0.0189658548	0.000201219602775887
0.305	0.0187467607	0.0002004921247601862
0.3055	0.0188229357	0.0002006184400421729
0.306	0.0185557078	0.0001998519579385291
0.3065	0.0187595403	0.0002003236580064312
0.307	0.0188077323	0.0002004198806758483
0.3075	0.018723355	0.0001996645042698227
0.308	0.0187977746	0.0001997358495191058
0.3085	0.0186960074	0.0001993280207656689
0.309	0.0188034513	0.0001988490401750526
0.3095	0.0188428005	0.0001987783329714669
0.31	0.0188801526	0.000199428370790729
0.3105	0.0187609015	0.0001987380932478482
0.311	0.0189206686	0.0001988428083021411
0.3115	0.018957931	0.0001986558668621307
0.312	0.01883046	0.0001980851652041669
0.3125	0.0187704391	0.000197832267852021
0.313	0.0192230662	0.0001986395946208617
0.3135	0.018890212	0.0001975007895225748
0.314	0.0188548663	0.000197426761045666
0.3145	0.018737079	0.0001966000882427627
0.315	0.0189962485	0.0001976456637564187
0.3155	0.019067883	0.000196778458716689
0.316	0.0187301228	0.0001964863221387491
0.3165	0.0186689544	0.000195888048013232
0.317	0.0189875956	0.0001961373994018803
0.3175	0.0188472508	0.0001954675296703954
0.318	0.0190053242	0.0001955738426172719
0.3185	0.0188975155	0.0001956853530862595
0.319	0.0189059265	0.0001954748891351089
0.3195	0.0189101839	0.0001951233455374816
0.32	0.0188228366	0.000195611517788404
0.3205	0.0187274561	0.0001942263062767582
0.321	0.0189567859	0.0001946042880169367
0.3215	0.0188455124	0.000193606198675574
0.322	0.0189374356	0.0001943676056226742
0.3225	0.0188102804	0.0001936656261431115
0.323	0.0187383503	0.000193103242554196
0.3235	0.0187270898	0.0001925937480573949
0.324	0.0188897985	0.0001929284306606095
0.3245	0.0186593533	0.0001929711778485412
0.325	0.0188365711	0.0001923723272516063
0.3255	0.0188089484	0.0001918309516298631
0.326	0.0187623556	0.0001925164643396612
0.3265	0.0188482638	0.0001926136553004425
0.327	0.0187661513	0.0001929924022468106
0.3275	0.0188330836	0.0001911254567484894
0.328	0.0190337055	0.0001921386293659804
0.3285	0.018974771	0.0001918243586979925
0.329	0.0189735978	0.0001916013719521292
0.3295	0.0188833357	0.0001912186230127412
0.33	0.0188486836	0.0001907121357318177
0.3305	0.0187240434	0.0001897355918309279
0.331	0.0188084999	0.0001908114084836398
0.3315	0.0189293538	0.0001907307647344926
0.332	0.0188857216	0.0001899501488457798
0.3325	0.0189833314	0.0001904728811871802
0.333	0.0188658842	0.000189409667021546
0.3335	0.019114833	0.0001909396875916872
0.334	0.0188159366	0.0001891647001836001
0.3345	0.0186486411	0.0001884414781730773
0.335	0.01865514	0.0001885448698445889
0.3355	0.0186950817	0.0001887842239478906
0.336	0.0189985761	0.0001899662312590409
0.3365	0.0188035273	0.0001882171699381215
0.337	0.0188899033	0.0001883776902951969
0.3375	0.018771254	0.0001872202973366435
0.338	0.0188404532	0.000188258009970031
0.3385	0.0190700103	0.0001885093088500909
0.339	0.0188097402	0.000187460039216625
0.3395	0.0189036477	0.0001874544563523565
0.34	0.0187443692	0.0001867145973293387
0.3405	0.0187241332	0.0001869783349856504
0.341	0.0187933404	0.0001870167138299887
0.3415	0.0189465854	0.0001870245979986288
0.342	0.0186746093	0.0001867305536946859
0.3425	0.0188839889	0.0001865035560688884
0.343	0.0188819071	0.0001866594529969656
0.3435	0.0186357415	0.0001854197218077966
0.344	0.0189381082	0.0001864089854350702
0.3445	0.018630845	0.0001851886863784326
0.345	0.0189748152	0.0001851132306897664
0.3455	0.0188361787	0.0001856201566931313
0.346	0.0188662961	0.0001855267664444278
0.3465	0.0189629231	0.0001852343264760315
0.347	0.0189742798	0.0001847068310888255
0.3475	0.0188911478	0.0001846200750088943
0.348	0.0189077413	0.0001847606767646539
0.3485	0.0189409089	0.0001844797269100879
0.349	0.0187707064	0.0001842536178534988
0.3495	0.0188148581	0.0001835062952706779
0.35	0.0188094946	0.0001501515660642812
0.351	0.0187372605	0.000129454438457471
0.352	0.0188485594	0.0001293974994438479
0.353	0.0187448429	0.000128809066059113
0.354	0.0189103447	0.0001291969511709011
0.355	0.0188796472	0.0001285375619607121
0.356	0.0188253088	0.0001284734304243587
0.357	0.0188124178	0.0001303282297006996
0.358	0.0189024687	0.0001320631652068204
0.359	0.018780913	0.0001331429240393575
0.36	0.0190870604	0.0001340334919970359
0.361	0.0189197137	0.0001342687795838148
0.362	0.0188528945	0.0001344787381819184
0.363	0.0187659149	0.0001355516377593638
0.364	0.0188536817	0.0001372049504932362
0.365	0.0187390829	0.0001399242839879978
0.366	0.0188720038	0.00014062321339378
0.367	0.0189243211	0.0001386885012546763
0.368	0.018793241	0.0001376855617330953
0.369	0.0188948903	0.00013745095207261
0.37	0.0188334924	0.0001365604904185392
0.371	0.0188495478	0.0001364631085310524
0.372	0.0188501873	0.0001359214299085713
0.373	0.0188793655	0.0001353384999235894
0.374	0.0189295563	0.0001346832451782893
0.375	0.0188311443	0.0001347664904480228
0.376	0.0189848957	0.0001346405171196813
0.377	0.0189285324	0.0001343592039329598
0.378	0.0189593166	0.0001344504686556163
0.379	0.0188346949	0.0001337584961964197
0.38	0.0187540422	0.0001339434959574382
0.381	0.0187378627	0.0001339686712550921
0.382	0.0188596418	0.0001342672548889187
0.383	0.01888942	0.0001341074428230387
0.384	0.018729337	0.0001335086643803065
0.385	0.018939078	0.0001342356218558453
0.386	0.0188713034	0.0001334591333840164
0.387	0.0189147021	0.0001339792047563994
0.388	0.0189388092	0.0001335811764080715
0.389	0.018702062	0.0001329516495549747
0.39	0.0188743474	0.0001329831193606522
0.391	0.0186571729	0.0001328286671148941
0.392	0.018864675	0.0001326682109456156
0.393	0.0187534496	0.0001324831268480701
0.394	0.0187810504	0.0001323600048910367
0.395	0.0188578017	0.0001323063387083535
0.396	0.018966818	0.0001324882278398169
0.397	0.0188261312	0.0001324487303459535
0.398	0.0188174992	0.0001318302469051136
0.399	0.0187706341	0.0001319959076911491
0.4	0.0188827801	0.0001320683444028554
0.401	0.0188210466	0.0001321811532258728
0.402	0.0188796064	0.0001320702153913578
0.403	0.0189409171	0.000132075451881806
0.404	0.0187779442	0.0001319551511370436
0.405	0.018957001	0.0001317880842107735
0.406	0.0189772121	0.0001320539426448357
0.407	0.0188458077	0.0001316877860821729
0.408	0.0189193852	0.0001314005724717594
0.409	0.0187795294	0.000131254539797026
0.41	0.0190113441	0.000131570935281372
0.411	0.018874043	0.0001313651213655449
0.412	0.0190163665	0.0001312927674612717
0.413	0.018924461	0.0001310311585325655
0.414	0.0188097546	0.0001309087637171734
0.415	0.0189881262	0.0001307792744308787
0.416	0.0190077908	0.0001308422362342271
0.417	0.0191101785	0.000130769952404398
0.418	0.0189336077	0.0001304658829070447
0.419	0.0190664728	0.0001308204368964874
0.42	0.0189565483	0.000130162104518966
0.421	0.0189788169	0.0001302544911150246
0.422	0.0188128197	0.0001301292044118393
0.423	0.0189894561	0.0001301368120796501
0.424	0.0189536637	0.0001302312286955423
0.425	0.0189630707	0.0001300110769978983
0.426	0.0188741141	0.0001323506124338116
0.427	0.018920226	0.0001327256534459506
0.428	0.0188684551	0.000133166792578721
0.429	0.0188150145	0.000133221779866898
0.43	0.0189989071	0.0001344005706538278
0.431	0.018938171	0.0001339300787769783
0.432	0.0189945909	0.0001341079104050602
0.433	0.0189694626	0.000134197771537819
0.434	0.0190177774	0.0001339406806533389
0.435	0.0189302664	0.0001344195700024839
0.436	0.0189386698	0.0001345534800139493
0.437	0.0187829901	0.0001344402157100042
0.438	0.0189234878	0.0001349894583301733
0.439	0.0188874533	0.0001345556917110618
0.44	0.0187449002	0.0001349045459204726
0.441	0.0189280457	0.0001356692124346172
0.442	0.0189528634	0.0001354455067563473
0.443	0.0189552079	0.0001360101239674342
0.444	0.0188216569	0.0001355968627432201
0.445	0.0187803878	0.000135336474991298
0.446	0.019043604	0.0001362248940281396
0.447	0.0189611577	0.0001364135511742495
0.448	0.0187493806	0.000136442666324011
0.449	0.0188504614	0.0001363071571261909
0.45	0.018952324	0.000136469731925304
0.451	0.0190018259	0.0001367731623547106
0.452	0.0190372629	0.0001370158669372361
0.453	0.0189319546	0.0001372837964156059
0.454	0.0188772783	0.0001368562877563474
0.455	0.0187678696	0.0001371844270298287
0.456	0.01882528	0.0001370884639524184
0.457	0.0189252307	0.0001370003537579019
0.458	0.0188701906	0.0001377051315112158
0.459	0.0190353209	0.0001377126120828948
0.46	0.01889848	0.0001379530337678394
0.461	0.0187585402	0.000137335552899511
0.462	0.019097621	0.0001380831001986949
0.463	0.0189056361	0.000139117980230935
0.464	0.0190570056	0.0001381087809759851
0.465	0.019038739	0.0001383986232946635
0.466	0.0189156055	0.0001382570858102355
0.467	0.0190244721	0.0001384561258426738
0.468	0.0190313894	0.0001385701123546769
0.469	0.0190714488	0.0001384268153263092
0.47	0.01894092169999999	0.0001385929759873826
0.471	0.0190356083	0.0001385046635435009
0.472	0.0189048595	0.0001386344628586722
0.473	0.0189423047	0.0001386832334513428
0.474	0.018985047	0.000139178012793376
0.475	0.0189989765	0.0001390653228327423
0.476	0.0188463828	0.0001388428813108028
0.477	0.0190593502	0.0001396818283003431
0.478	0.0190882303	0.0001390684239463202
0.479	0.0188856633	0.0001386149508530048
0.48	0.0190203298	0.0001386280739473032
0.481	0.0190321567	0.0001408696537928044
0.482	0.0189328176	0.00013844924539681
0.483	0.0190426825	0.0001384451496973613
0.484	0.0189008554	0.0001386597310920692
0.485	0.0190798062	0.0001389342749058432
0.486	0.0191150165	0.0001388661643075444
0.487	0.0188660045	0.0001387631716966775
0.488	0.0189945886	0.0001384987284606554
0.489	0.0191118054	0.0001390522165548133
0.49	0.0190382473	0.0001390611020915084
0.491	0.0189905447	0.0001389769002565275
0.492	0.0190764897	0.0001395472415770895
0.493	0.0189148841	0.0001386223756663614
0.494	0.0190739872	0.0001399618316389327
0.495	0.0190184345	0.0001393813232433603
0.496	0.0189783227	0.0001421826741605494
0.497	0.0192203575	0.0001462383620047243
0.498	0.0190882389	0.0001483179705208578
0.499	0.0191397763	0.0001504023413424316
0.5	0.0191966098	0.0001529494377013177
0.501	0.0191078419	0.0001534923116623086
0.502	0.0191949624	0.0001555872118981252
0.503	0.0192440529	0.0001565963195302618
0.504	0.0193197233	0.0001588164388988966
0.505	0.0191515363	0.0001587643808228025
0.506	0.0193082518	0.0001632064440643871
0.507	0.0191970155	0.0001531081309972598
0.508	0.0191372672	0.0001512917970628985
0.509	0.0190443428	0.0001501131164305504
0.51	0.019202298	0.000149424756921273
0.511	0.01903855	0.0001488307117055301
0.512	0.0189833637	0.0001480044422793926
0.513	0.0190334695	0.0001477200283772777
0.514	0.0191345081	0.0001470712348951863
0.515	0.0190606894	0.0001468220448207597
0.516	0.0190118848	0.0001502942486879498
0.517	0.0191527996	0.0001467672292403863
0.518	0.0189887094	0.0001457125193151652
0.519	0.0191432074	0.0001473252048072464
0.52	0.0191025174	0.0001461758066468814
0.521	0.0193592762	0.0001468136396610708
0.522	0.0191592544	0.0001460661156120197
0.523	0.0193178828	0.0001463986071084329
0.524	0.0190780916	0.0001452733634314719
0.525	0.0191549331	0.0001454202811731123
0.526	0.0191046951	0.0001450192170628029
0.527	0.0189318511	0.0001448219126524553
0.528	0.0191792326	0.0001452118533216007
0.529	0.0193963698	0.0001454029867919615
0.53	0.0191431729	0.0001449473001438148
0.531	0.0193105683	0.0001454962376394674
0.532	0.01942951320000001	0.0001462864171872065
0.533	0.0191278197	0.000144418067034982
0.534	0.0192154329	0.0001456358956031194
0.535	0.0189359884	0.0001453706502738348
0.536	0.0192822177	0.0001492267845581425
0.537	0.0192232875	0.0001463633761348274
0.538	0.0192131504	0.0001449482765458683
0.539	0.0190510318	0.000144465637708813
0.54	0.0192679059	0.0001459031828776754
0.541	0.0192003489	0.0001450543753879824
0.542	0.0194073722	0.0001453872413246177
0.543	0.0193396497	0.0001447623913172832
0.544	0.0193188785	0.0001448395901217835
0.545	0.0192743965	0.0001456237295500828
0.546	0.019128262	0.0001444274299925757
0.547	0.0191901861	0.0001450285387005103
0.548	0.0192395671	0.0001447067237297523
0.549	0.019300202	0.000144803243850101
0.55	0.0192526269	0.0001447858472958679
0.551	0.0192558029	0.0001447122832453713
0.552	0.0194110478	0.00014500025766499
0.553	0.0192590558	0.0001449270627737342
0.554	0.019254223	0.0001446852320771115
0.555	0.0193651777	0.000145077514156339
0.556	0.0191429961	0.0001441393875570367
0.5570000000000001	0.0191594728	0.0001446093834436868
0.5580000000000001	0.0191449134	0.0001438508118281372
0.5590000000000001	0.019310103	0.0001444242877336429
0.5600000000000001	0.0191815918	0.0001433355416900958
0.5610000000000001	0.0192171603	0.0001436027735915897
0.5620000000000001	0.0193647849	0.0001438627005483082
0.5629999999999999	0.0192415046	0.0001432743539181962
0.5639999999999999	0.0193369846	0.0001436429871788465
0.5649999999999999	0.0191358252	0.0001434922866879237
0.5659999999999999	0.0190373592	0.0001433549239975822
0.5669999999999999	0.0193160258	0.0001439086108890033
0.5679999999999999	0.0193455248	0.0001443205871234306
0.569	0.0192173793	0.0001434424002154134
0.57	0.0193920619	0.0001435332646112588
0.571	0.0194527041	0.0001434313668767644
0.572	0.0194439927	0.0001439435598275677
0.573	0.0192664213	0.0001437969119485157
0.574	0.0193567158	0.0001433198419584809
0.575	0.0193241594	0.0001439071768086725
0.576	0.0192157503	0.0001433179846617547
0.577	0.0193140355	0.0001434472454486108
0.578	0.0194911099	0.0001441693227357165
0.579	0.0192388634	0.0001434610914438062
0.58	0.0194143638	0.0001439754672339078
0.581	0.0192175819	0.0001432564317866791
0.582	0.0193028245	0.0001438651683381548
0.583	0.01936648	0.0001438166197696991
0.584	0.0193426882	0.0001437533803967507
0.585	0.0193839474	0.0001442546383402675
0.586	0.0193170013	0.0001437095433451907
0.587	0.019434518	0.0001436873931871622
0.588	0.0195064323	0.0001443406258347225
0.589	0.0194904737	0.0001442088282695993
0.59	0.0193351806	0.000143612537775627
0.591	0.0195129642	0.0001443948071030725
0.592	0.0193850366	0.0001439756957457063
0.593	0.0193889356	0.0001445548181181587
0.594	0.0194538958	0.0001444543205033202
0.595	0.0195786614	0.0001447076178172736
0.596	0.0192116681	0.0001440583276497713
0.597	0.0196029122	0.0001443929802269383
0.598	0.0194703002	0.0001443916321921596
0.599	0.0194238476	0.0001446158338465668
0.6	0.0195097348	0.0001444978412504837
0.601	0.0195261071	0.000144734435987537
0.602	0.0193088276	0.0001442097083566991
0.603	0.0193509939	0.0001446503803910638
0.604	0.0194309942	0.0001443000302942633
0.605	0.0194124164	0.0001444247330676192
0.606	0.0195545337	0.0001445142217075071
0.607	0.0194358179	0.0001445782517925544
0.608	0.0195990172	0.000144821521381046
0.609	0.019396067	0.0001445033076320697
0.61	0.0193895717	0.0001446549995856648
0.611	0.0195440356	0.0001448501558215656
0.612	0.0195044191	0.0001449825982849573
0.613	0.0193408476	0.000144434496359605
0.614	0.0196018838	0.0001453364537360553
0.615	0.019724451	0.000145076711166141
0.616	0.0194840932	0.0001449423427648799
0.617	0.0194978108	0.0001443640686339021
0.618	0.0196024006	0.0001446773607017453
0.619	0.019632754	0.0001442936277287966
0.62	0.019468844	0.0001435856816763614
0.621	0.0195825941	0.0001439897345708222
0.622	0.0195369263	0.0001433336546987295
0.623	0.0195784727	0.0001438708377375404
0.624	0.0197032129	0.0001440194103686908
0.625	0.0195376658	0.0001438218417549997
0.626	0.019551171	0.0001438648804001495
0.627	0.0196600788	0.0001440500831528528
0.628	0.0196261607	0.0001442881205537901
0.629	0.0196937407	0.0001444795330596617
0.63	0.0197513786	0.0001445834065510962
0.631	0.0196817252	0.0001447920985992797
0.632	0.0195930484	0.0001442290290918092
0.633	0.0197271189	0.0001447133536337683
0.634	0.0198225243	0.0001453007889667797
0.635	0.0196973894	0.0001495290736447801
0.636	0.0195085622	0.0001532606658360931
0.637	0.0197743731	0.0001563166659657769
0.638	0.0195969641	0.0001586004845334118
0.639	0.0196471918	0.0001608392973744186
0.64	0.0197550623	0.0001629903292206509
0.641	0.020052948	0.0001654176679607347
0.642	0.0198551315	0.0001667785412412313
0.643	0.0197056631	0.0001678899713986969
0.644	0.0200134844	0.0001676019111238326
0.645	0.0198347537	0.000162387799472706
0.646	0.0198920425	0.0001602831926932527
0.647	0.0198799669	0.000158784228785332
0.648	0.0198387302	0.0001580434624147029
0.649	0.019853696	0.0001571542060522358
0.65	0.020015254	0.0001567712502793337
0.651	0.0200230236	0.0001566272435337916
0.652	0.0199719359	0.0001558298550041296
0.653	0.0199177105	0.0001556148935433938
0.654	0.019933802	0.0001550122656002119
0.655	0.019994684	0.0001545715373614962
0.656	0.0199838131	0.0001537887127078174
0.657	0.0201069362	0.0001536618944914241
0.658	0.0199771569	0.0001532296743540775
0.659	0.0200377267	0.0001527598080606814
0.66	0.0200450585	0.0001529519628441168
0.661	0.0199710143	0.0001523397879110494
0.662	0.020076236	0.0001525264739159497
0.663	0.0200116048	0.0001520892031759302
0.664	0.020218957	0.0001526137069254284
0.665	0.0202162135	0.000152721419341981
0.666	0.0200237401	0.0001521863289167805
0.667	0.0200629013	0.0001522881341618484
0.668	0.0201527192	0.0001520954498630388
0.669	0.0200860766	0.0001523214232869157
0.67	0.0202894243	0.0001522767120463368
0.671	0.0200092839	0.0001518821804247312
0.672	0.0201696638	0.0001517022846282535
0.673	0.0201135432	0.0001518466076674405
0.674	0.0200730268	0.0001519097837513413
0.675	0.0202489632	0.0001519307629710121
0.676	0.0201905443	0.0001519100040042025
0.677	0.0200856041	0.0001515051129530102
0.678	0.0201260869	0.0001515478170627363
0.679	0.0202450644	0.0001522284484581594
0.68	0.0201960036	0.0001519187311144925
0.681	0.0203675593	0.000151994574404943
0.6820000000000001	0.0201564068	0.000151980711499009
0.6830000000000001	0.0201747932	0.0001517462782430652
0.6840000000000001	0.0202010257	0.0001517773073191763
0.6850000000000001	0.0201867101	0.0001515077961826187
0.6860000000000001	0.0203455225	0.0001516218391373021
0.6870000000000001	0.0204464789	0.0001522903652938881
0.6879999999999999	0.0203099147	0.0001520339598832726
0.6889999999999999	0.0202920078	0.0001520425053355634
0.6899999999999999	0.020465984	0.0001523043013545201
0.6909999999999999	0.0202112848	0.0001516927097757106
0.6919999999999999	0.0203522167	0.000151958280893076
0.6929999999999999	0.020271968	0.0001520247192672792
0.694	0.0203911602	0.0001519376623038281
0.695	0.0203939277	0.0001522171920001014
0.696	0.0203134421	0.0001519772086774884
0.697	0.0202312665	0.0001518886235631388
0.698	0.0203835827	0.0001523507401212509
0.699	0.0203517689	0.0001522685769453787
0.7	0.0203370259	0.0001518743649178657
0.701	0.0204851625	0.0001523574781832194
0.702	0.020458123	0.0001519776181949551
0.703	0.0203464695	0.0001521408739975509
0.704	0.0203157421	0.0001518603176052732
0.705	0.0202603907	0.0001518802652135115
0.706	0.0204146071	0.0001520028168547854
0.707	0.020777058	0.0001525136815712672
0.708	0.0203873393	0.0001514669070232823
0.709	0.0204484998	0.0001513916976705501
0.71	0.0204904096	0.0001514511066478098
0.711	0.0204226723	0.0001514840361864327
0.712	0.0205460999	0.0001521653668594132
0.713	0.0204370486	0.0001514802446896534
0.714	0.0205271074	0.0001515359751685023
0.715	0.020684671	0.0001523580997782944
0.716	0.0206276022	0.0001522486197875951
0.717	0.0205095642	0.000151715391286798
0.718	0.0203669513	0.0001514539880091585
0.719	0.0205028964	0.000151577998786659
0.72	0.0205322089	0.0001520324071820082
0.721	0.0206176821	0.0001521935188857211
0.722	0.0207250664	0.0001520360043178153
0.723	0.0205073858	0.0001522057946090166
0.724	0.0205594065	0.0001518346116239058
0.725	0.0206220617	0.0001521157777963694
0.726	0.0206033749	0.0001517625513918609
0.727	0.0207789808	0.0001524192620332187
0.728	0.0206936158	0.0001521277590890664
0.729	0.0207322718	0.0001524421395998781
0.73	0.0205384785	0.0001520827303616007
0.731	0.0206359492	0.0001518392272870861
0.732	0.0206257733	0.0001515775415150853
0.733	0.0206785768	0.0001518244618264726
0.734	0.0208014752	0.0001514499484498321
0.735	0.020464141	0.0001508086966503866
0.736	0.0206910118	0.0001511612728121163
0.737	0.0207249493	0.0001507847422453331
0.738	0.0207905002	0.0001507224214863025
0.739	0.0207176851	0.0001505974748460856
0.74	0.0208307686	0.00015071678442378
0.741	0.0208521438	0.0001512948114645419
0.742	0.0208785598	0.0001509913400116679
0.743	0.0208598928	0.0001512948516748583
0.744	0.0208431101	0.0001511821882498498
0.745	0.0206483813	0.0001508243852597082
0.746	0.0208542187	0.0001511660734426331
0.747	0.0208624951	0.0001512595125916671
0.748	0.020788878	0.0001513731010613069
0.749	0.0208584891	0.0001511688826617854
0.75	0.020844792	0.0001510849951246338
0.751	0.0208557444	0.0001511718016413274
0.752	0.0207752723	0.0001511647015341841
0.753	0.0209340276	0.0001519640500517959
0.754	0.0210691122	0.0001514674879988831
0.755	0.0210112886	0.0001519191151988199
0.756	0.0209084108	0.0001517456175338641
0.757	0.0209996834	0.000151618353877184
0.758	0.0209655843	0.0001516322577792275
0.759	0.0209798156	0.0001518362033511888
0.76	0.0210092751	0.0001515948293073647
0.761	0.0210440065	0.0001518644342116145
0.762	0.0210433946	0.0001519898480702603
0.763	0.0210049992	0.0001517697878275863
0.764	0.0211589372	0.0001518858532168474
0.765	0.0209936984	0.000151362856432626
0.766	0.0210804439	0.000151400002159028
0.767	0.0212543771	0.0001517071229420942
0.768	0.0211447352	0.0001511201658799695
0.769	0.0210675393	0.0001510037493996843
0.77	0.0211486539	0.0001503860372991937
0.771	0.0210558558	0.0001507300419772343
0.772	0.0212124134	0.0001513670610747226
0.773	0.0212452041	0.0001559757195970663
0.774	0.0211773813	0.0001603745639089026
0.775	0.0211384841	0.0001638610847507594
0.776	0.0213772404	0.0001670044389298637
0.777	0.0210865934	0.0001692153758724637
0.778	0.0212292991	0.0001715384033428755
0.779	0.0213372125	0.0001741657249237852
0.78	0.0213105638	0.0001757432338574679
0.781	0.0212539081	0.0001783640798754771
0.782	0.0212940124	0.0001801147401695659
0.783	0.0212372607	0.0001820780860480402
0.784	0.0212947624	0.0001840555977286068
0.785	0.0212002921	0.0001854548796889186
0.786	0.0212933588	0.0001877057270682186
0.787	0.0214457196	0.0001902791365987471
0.788	0.021457494	0.000192512713381238
0.789	0.0213690602	0.000193014432337826
0.79	0.0214430074	0.0001959204768785031
0.791	0.0211550213	0.0001976202211419299
0.792	0.0213758555	0.0001998033409457092
0.793	0.0214617237	0.0002020793623236707
0.794	0.0213461214	0.0002031519517661612
0.795	0.0212421248	0.0002059557309132739
0.796	0.0212139285	0.000207613170152163
0.797	0.021614665	0.0002104902608180869
0.798	0.0216351619	0.0002126650033277547
0.799	0.0215911851	0.0002155721842013489
0.8	0.0215149686	0.0002170746522043914
0.801	0.0214854711	0.0002197022748011498
0.802	0.0217378618	0.0002220343762693402
0.803	0.0215833624	0.0002245714798807447
0.804	0.0216733529	0.0002274717112291973
0.805	0.0216297875	0.0002285915165830069
0.806	0.0215333314	0.0002316715161410929
0.8070000000000001	0.0215012852	0.0002344828753340142
0.8080000000000001	0.021719867	0.0002373215561789805
0.8090000000000001	0.021727153	0.0002401428815837792
0.8100000000000001	0.0216956894	0.0002425987181906633
0.8110000000000001	0.0216231333	0.0002449922304281824
0.8120000000000001	0.0218493961	0.0002488639923820699
0.8129999999999999	0.0214779665	0.0002500646587201735
0.8139999999999999	0.0217489405	0.0002541649345809015
0.8149999999999999	0.0217816319	0.0002566830718662618
0.8159999999999999	0.0217344281	0.0002594980722109408
0.8169999999999999	0.0220616335	0.0002627480558768687
0.8179999999999999	0.0216946435	0.0002666164976263483
0.819	0.0217099441	0.0002686391067325122
0.82	0.0218102979	0.0002727052305745471
0.821	0.0219427629	0.0002767061513089131
0.822	0.0220087454	0.0002805478759980979
0.823	0.0217856047	0.0002836172766496534
0.824	0.0219292578	0.0002874896661660124
0.825	0.0220968282	0.0002925523426380895
0.826	0.0220082829	0.0002962429175965873
0.827	0.0219452573	0.0003003868685352565
0.828	0.0220322152	0.0003062435961483212
0.829	0.0218957935	0.000309513095621557
0.83	0.0223945828	0.0003164780487296227
0.831	0.0223886957	0.0003227930386171116
0.832	0.0219683794	0.0003256037394660514
0.833	0.0219540048	0.0003306966214544423
0.834	0.0221753113	0.0003355991147316363
0.835	0.0220880916	0.0003418822841195899
0.836	0.0223584873	0.0003486150222252626
0.837	0.0221806844	0.0003551637101993357
0.838	0.0219539943	0.0003610462143788196
0.839	0.0223994324	0.0003689666378043592
0.84	0.0221049033	0.0003760817316312607
0.841	0.0225357037	0.0003853834914143361
0.842	0.0222093478	0.0003927010802186139
0.843	0.0226965935	0.0004040078581192916
0.844	0.0222582058	0.0004150426240855165
0.845	0.0225412665	0.0004238041282901161
0.846	0.0225804312	0.0004350932097394414
0.847	0.0224632466	0.0004473805542316613
0.848	0.0228865373	0.0004635395257852447
0.849	0.0226867024	0.0004738570661672083
0.85	0.0225624964	0.0004931545366257901
0.851	0.0224368364	0.0005082228007517556
0.852	0.0225276732	0.0005216850810504539
0.853	0.0226399196	0.0005396436114832529
0.854	0.0230774714	0.0005539975881945134
0.855	0.0226770789	0.0005634847301563919
0.856	0.0219817843	0.0005690740347558043
0.857	0.0224079771	0.0005895024299056462
0.858	0.0226067109	0.0005999557269370909
0.859	0.0230314014	0.0006198150246851334
0.86	0.0228781742	0.0006293164201778642
0.861	0.022350842	0.0006513113268226462
0.862	0.0219315555	0.0006632842333685954
0.863	0.0224773316	0.0006844946774828129
0.864	0.0234308586	0.0007207989353929591
0.865	0.0228503092	0.0007355898112098047
0.866	0.0225616713	0.0007713974423711693
0.867	0.0235381496	0.0007934114700784446
0.868	0.0231364551	0.0008341143804425943
0.869	0.0221894249	0.0008614306660832218
0.87	0.0229480286	0.0009079221099108324
0.871	0.023258665	0.0009590418612003396
0.872	0.0231254132	0.001017663532984488
0.873	0.0232852344	0.001102310217402276
0.874	0.0234523041	0.001188927924020994
0.875	0.0247133591	0.001339082222403343
0.876	0.0238242117	0.001483193957328978
0.877	0.0250481333	0.001727269549125944
0.878	0.0250127802	0.002195601367956229
