0.85217101 1147897.40084008 841317318.37969792
0.85455137 1470834.47269178 1042635439.91386223
0.85693174 1871876.91187408 1321485462.80256057
0.85931211 2270593.57869856 1395899475.72493672
0.86169247 2474999.07043428 1316423386.84327435
0.86407284 2313573.61483879 1124618504.11930156
0.86645320 1915874.79407036 815503245.78164756
0.86883357 1501847.59812458 704741455.56839800
0.87121393 1200581.69602794 561000969.16498125
0.87359430 958976.01566663 455586656.61820525
0.87597467 831362.51207702 453629830.12008595
0.87835503 749801.37209932 408429549.12516463
0.88073540 705405.09348042 384626829.39538205
0.88311576 678354.19646452 402121945.70157331
0.88549613 661384.77911443 365739033.17099828
0.88787650 654273.76238103 378047792.40032166
0.89025686 646235.54256465 385087459.98229575
0.89263723 641812.43330383 355528424.67380011
0.89501759 640591.75616901 389466653.08823574
0.89739796 635345.27420593 374372108.09796512
0.89977833 635606.29558228 370165116.27920973
0.90215869 633844.37719043 386530969.77440506
0.90453906 629529.26673356 369569547.46029443
0.90691942 633910.02994905 380656497.59957045
0.90929979 630225.98940326 382319270.14937645
0.91168016 631932.67793285 366523705.01456445
0.91406052 633028.85149320 378298582.03232169
0.91644089 628402.96018658 386169944.58790404
0.91882125 632029.36921097 366056340.44152635
0.92120162 630045.33638817 395328965.98210901
0.92358199 632526.34557137 389291181.50304097
0.92596235 632993.79106186 371764779.82044190
0.92834272 635495.35012041 401348283.08914626
0.93072308 639089.62275342 384143847.34608084
0.93310345 642381.01562890 387759027.69767094
0.93548382 640924.01272342 406178777.07796800
0.93786418 645753.22269947 378333429.86531162
0.94024455 648942.41829385 408849926.08701497
0.94262491 648968.13664606 409136809.67482054
0.94500528 658835.44231050 397421734.28598708
0.94738564 672456.40319118 451071299.80646032
0.94976601 693955.84585609 457045130.25354457
0.95214638 735982.49638252 491600073.60389149
0.95452674 799349.71317706 593470730.18883073
0.95690711 928749.18652399 690488311.56297719
0.95928747 1137542.52316800 881285892.54539788
0.96166784 1416858.34814373 1170734954.41612053
0.96404821 1840778.23021403 1350267349.16508746
0.96642857 2228163.94251665 1592288018.65646458
0.96880894 2472496.92337960 1510751304.05278826
0.97118930 2331406.33341480 1174634735.96460509
0.97356967 1967562.37180001 1025390254.68259895
0.97595004 1537316.72366207 755635721.93796372
0.97833040 1184382.00930715 594084171.87350881
0.98071077 965990.52337156 536073935.28352958
0.98309113 817185.87695660 447072833.05032188
0.98547150 735317.15962224 448406232.67687839
0.98785187 686686.42063840 428241362.45833689
0.99023223 659848.01611454 400214879.37306905
0.99261260 642399.48535003 418818185.93758881
0.99499296 631701.63791492 413367635.17351240
0.99737333 627265.00026330 383166611.49303806
0.99975370 622023.71995623 413586867.82499582
1.00213406 620070.26660419 404853034.10552150
1.00451443 617154.01540476 389143616.01337707
1.00689479 615733.56964142 407732371.12460476
1.00927516 614980.95192248 393285988.00512856
1.01165553 613550.68331533 397142414.14315307
1.01403589 613821.35107133 420817049.84168375
1.01641626 612543.01286999 384321239.16532075
1.01879662 612952.53455394 418033025.41911268
1.02117699 611159.39388759 405841642.08694929
1.02355736 610288.18358940 384336065.43309748
1.02593772 611027.13105421 425732857.34379625
1.02831809 612565.26236517 400428576.56459814
1.03069845 612276.11095504 398771516.03653347
1.03307882 612552.25197624 418928640.30829376
1.03545918 611574.65738437 397887655.24947816
1.03783955 614024.15933561 414617695.59116459
1.04021992 611530.52447074 421046287.34289783
1.04260028 613770.09816749 402842132.82496709
1.04498065 616909.85118678 421484100.72834378
1.04736101 614408.31009963 429339388.65274668
1.04974138 618644.65223739 397008190.12400448
1.05212175 621296.07218154 443771130.07196087
1.05450211 622399.90192421 427258493.04673165
1.05688248 631105.60272782 418026967.29951626
1.05926284 641145.65536736 467842064.58818895
1.06164321 660793.87653699 457117496.11232746
1.06402358 697889.30704172 528215451.76057333
1.06640394 750306.03943263 584294749.45746958
1.06878431 840711.86972298 645633355.93129826
1.07116467 965072.28091375 772111530.56156373
1.07354504 1085951.51977716 810741211.34092367
1.07592541 1168215.00193217 756368570.73710728
1.07830577 1137396.34697309 726768345.22385049
1.08068614 1035282.54305392 645687992.72077012
1.08306650 909419.70805742 534347508.14381576
1.08544687 807171.46245289 528359635.75631636
1.08782724 733832.82743933 481659670.87559468
1.09020760 686124.88728717 456695079.46070284
1.09258797 659963.98765998 466721901.57833183
1.09496833 646429.22656279 425065623.40080011
1.09734870 636325.78353413 458594943.81041044
1.09972907 630804.59946411 447178461.42594653
1.10210943 629828.81890978 422161873.64223522
1.10448980 630092.34871975 460980930.33471149
1.10687016 628039.41462495 448227724.27905953
1.10925053 627769.92195947 427225743.75739366
1.11163089 629198.44441442 466371321.64542103
1.11401126 628532.77849787 449556239.70217204
1.11639163 629630.58781817 442253144.21036446
1.11877199 628200.48893518 464708821.75216979
1.12115236 631397.85564154 437761215.01233035
1.12353272 631690.06495286 457521431.82185078
1.12591309 631935.67931195 466213782.25287187
1.12829346 632583.15095369 435104807.07446653
1.13067382 635189.49937878 477441871.98041713
1.13305419 637439.08141578 461866056.90512979
1.13543455 637936.54268664 450658736.15935612
1.13781492 641050.83379709 482605066.50944746
1.14019529 640059.76990643 464223343.93420911
1.14257565 642968.62040749 465136663.74828619
1.14495602 644233.60629957 480407377.71400017
1.14733638 645708.84101344 471216431.47085404
1.14971675 649953.69858049 469319777.51081437
1.15209712 650928.95632568 497556922.41157675
1.15447748 654680.16106786 465685698.04838467
1.15685785 658678.49794680 492837404.67416257
1.15923821 659755.56181280 507174362.71939594
1.16161858 667334.68778868 481189683.27956957
1.16399895 675828.20685333 527254252.54109532
1.16637931 688321.47851318 532549315.29341841
1.16875968 712917.42341823 543092473.24822092
1.17114004 752205.64161803 628004889.46917427
1.17352041 815590.76554438 685723711.97486496
1.17590078 921671.65588019 779533142.39479971
1.17828114 1056277.97072466 927191103.61273015
1.18066151 1210432.25014717 955238281.95909274
1.18304187 1299643.92103278 964150590.91383898
1.18542224 1292427.06556815 925274191.77296436
1.18780261 1165332.73523043 737701114.81368506
1.19018297 1020333.49213511 690948990.40840387
1.19256334 902022.18068982 626274312.13526738
1.19494370 808095.88662615 550916875.74237204
1.19732407 753648.25682951 570693463.67681861
1.19970443 722396.78946433 538131488.89580011
1.20208480 704360.58755995 509681326.15124726
1.20446517 695336.05204809 545380032.65903473
1.20684553 690354.47172030 531416226.70812058
1.20922590 689255.80636592 505124337.51678592
1.21160626 688180.29634440 554076691.52396357
1.21398663 687440.06392551 524354876.51317877
1.21636700 689940.62699102 531490146.94343632
1.21874736 691144.53438678 554251735.74838305
1.22112773 691086.95230472 519186767.29802847
1.22350809 694099.95628079 550682903.17642832
1.22588846 695306.69592983 547616171.86145616
1.22826883 697600.21893179 524725885.73907685
1.23064919 699634.51431877 555696212.12240565
1.23302956 699869.28478892 559802228.68201339
1.23540992 703269.13151007 529182145.62807143
1.23779029 704636.67859930 571699117.69299138
1.24017066 706673.81667860 570023020.95768845
1.24255102 710751.89645597 545961638.42415047
1.24493139 713675.34434529 584035872.02160871
1.24731175 714854.18852094 559990126.31799889
1.24969212 717936.05938205 561314710.19180298
1.25207249 719634.24383564 590858470.47772384
1.25445285 722320.86855467 558773503.08708525
1.25683322 727569.66547798 588409292.51506960
1.25921358 728229.32241964 588903796.19613624
1.26159395 732467.40820415 575308384.10177732
1.26397432 733811.71441553 594264405.30864751
1.26635468 738216.65255733 609638215.97996426
1.26873505 742555.68328863 584239488.52733302
1.27111541 749024.98529145 621871028.08229864
1.27349578 752870.49404637 624523418.98419499
1.27587615 763476.06232787 600476180.73448634
1.27825651 772813.61741890 665315178.81362820
1.28063688 791100.09371418 654119817.35282028
1.28301724 816628.98545920 674609659.74797308
1.28539761 845375.51346864 720658807.64054120
1.28777797 879925.28405438 726600456.78100884
1.29015834 905985.60695886 733795147.54251015
1.29253871 911546.76713355 754496166.23272157
1.29491907 891839.43999140 698547176.13951778
1.29729944 867760.46725406 696035262.44024312
1.29967980 844702.98839835 702289109.81287766
1.30206017 830128.97141002 660571031.97237170
1.30444054 822628.93147244 688211762.37415481
1.30682090 818325.52006439 678399666.59830534
1.30920127 818334.94161436 659769648.21850586
1.31158163 821630.94423226 690697015.86863494
1.31396200 824220.78265947 690185242.77090120
1.31634237 830547.82523574 680430316.30821836
1.31872273 832840.04444090 710825993.55420303
1.32110310 838238.19994599 700703249.43191838
1.32348346 843204.87296260 698922417.98325479
1.32586383 849237.44590918 743464207.48976624
1.32824420 857513.50344840 704105246.37095511
1.33062456 864994.16016088 737626665.31610417
1.33300493 869842.76570295 762899341.12167180
1.33538529 884008.50651410 729098806.14133596
1.33776566 896800.49955884 792448660.28599751
1.34014603 914012.29560092 787959466.40823889
1.34252639 944795.52327127 816941957.75919151
1.34490676 981901.39153749 900330536.35147119
1.34728712 1051788.00975639 1023597450.63882411
1.34966749 1179259.73575901 1133079989.85067391
1.35204786 1371767.54219210 1502158368.72932196
1.35442822 1706998.14628332 1919656004.03644848
1.35680859 2250475.97190674 2432072581.45420742
1.35918895 2895324.50173120 3373746792.54229736
1.36156932 3794990.76776411 3867487633.35470629
1.36394968 4593215.71657328 4335868425.55015850
1.36633005 5059356.38920672 4639871366.81810093
1.36871042 5260625.13244683 4274179954.57328320
1.37109078 5064194.25897308 4083376488.12243986
1.37347115 4753639.68349527 4058134869.49292374
1.37585151 4569971.69987942 3854758420.16289520
1.37823188 4578097.88617921 4158400925.64941740
1.38061225 4704073.44530477 4308386974.79414558
1.38299261 4840884.24134174 3944589496.28093910
1.38537298 4684785.62503674 3846197248.76093769
1.38775334 4307051.79032580 3191178683.63472223
1.39013371 3618116.42135456 2555111385.28387594
1.39251408 2960731.61678317 2134088743.86673617
1.39489444 2433396.51524143 1838066516.13163233
1.39727481 2042296.12903515 1534001639.11510086
1.39965517 1796254.84673899 1440983977.39702916
1.40203554 1613643.87166521 1299405130.03490663
1.40441591 1460005.76408416 1147528245.81874013
1.40679627 1337445.50794725 1130325133.38402128
1.40917664 1232633.73324321 1015148144.24228764
1.41155700 1153577.43663896 982572717.88807106
1.41393737 1105256.15060525 985392649.72546363
1.41631774 1079290.96355472 939885883.32198608
1.41869810 1070485.06073119 960262596.98711467
1.42107847 1075322.05709643 999625925.23413205
1.42345883 1092487.34998266 969656591.00765789
1.42583920 1119695.83257235 1043426707.82153797
1.42821957 1146622.75584784 1068933989.96491122
1.43059993 1183758.57138971 1050997832.72461653
1.43298030 1209433.63949898 1128077080.89459968
1.43536066 1227504.98465136 1123303279.61882710
1.43774103 1227653.85750691 1073246668.18279076
1.44012140 1203191.33204349 1069030528.83101344
1.44250176 1168339.37577160 1050471148.01092398
1.44488213 1128325.61547897 970841974.82619774
1.44726249 1099481.28519388 1012935949.47742450
1.44964286 1082196.52721947 987339182.32453179
1.45202322 1083797.12659114 982987224.00587547
1.45440359 1099538.28188577 1058006414.14618444
1.45678396 1130348.73306216 1068426180.30752242
1.45916432 1180581.41470444 1091998096.30079150
1.46154469 1216033.51481157 1189798159.47828627
1.46392505 1256386.65203621 1152047548.16209197
1.46630542 1270173.70249404 1140454934.85473847
1.46868579 1253247.18115905 1172046109.39821625
1.47106615 1220881.36395648 1054775780.14022636
1.47344652 1170672.34199803 1053690074.22891390
1.47582688 1122140.65413090 1018823102.90441763
1.47820725 1078119.68561314 958473403.01079643
1.48058762 1049806.57503921 965749240.58444977
1.48296798 1029583.41213694 967022021.93948245
1.48534835 1021142.57860558 927455622.18224072
1.48772871 1019182.00239807 973639006.44836235
1.49010908 1023805.47470911 981969179.92574275
1.49248945 1036926.27236087 958408958.55509353
1.49486981 1049735.98965509 1022729500.43524921
1.49725018 1066454.11932768 1030250757.27330875
1.49963054 1092524.66306820 1038201795.48188841
1.50201091 1115146.93392254 1086561520.77548695
1.50439128 1130657.14961029 1091375523.29040694
1.50677164 1135666.51747181 1045409290.64081895
1.50915201 1128951.71775466 1079102706.27748322
1.51153237 1112477.01678091 1042244689.04544044
1.51391274 1091355.69533554 1002263725.43088663
1.51629311 1075390.26333786 1039836707.53806949
1.51867347 1062141.68287852 994671896.78743041
1.52105384 1057037.08479004 988158551.29480815
1.52343420 1052352.02480810 1033493277.69157743
1.52581457 1052437.14632544 1010345759.93609786
1.52819493 1057953.67532576 997552539.62044024
1.53057530 1061226.10597919 1076834073.74748206
1.53295567 1075758.31543205 1046143793.10024929
1.53533603 1100046.04952708 1082585070.79429793
1.53771640 1124179.72045098 1155421494.97814703
1.54009676 1169454.95443132 1175234739.92414713
1.54247713 1224202.85408765 1237700452.35466170
1.54485750 1274665.75937658 1330134430.07935739
1.54723786 1339511.00712926 1330769976.46583533
1.54961823 1394937.08224930 1409652504.05266309
1.55199859 1434031.03158969 1454483110.37371755
1.55437896 1470660.37449314 1417033418.24751067
1.55675933 1488480.48135243 1479711762.10809875
1.55913969 1493150.11312623 1478190723.61364079
1.56152006 1485618.81770215 1403730395.86924362
1.56390042 1462219.16236380 1425333702.43354678
1.56628079 1436828.32906608 1440988023.11058855
1.56866116 1428134.80982219 1382894399.43558192
1.57104152 1445030.72041336 1502144096.59180760
1.57342189 1482866.82783002 1534699855.38319087
1.57580225 1540863.30861766 1531468027.55840063
1.57818262 1565918.22858732 1570945567.07840943
1.58056299 1558477.74511747 1509506076.28040004
1.58294335 1501996.09580139 1396461628.06779623
1.58532372 1420612.03262238 1361892302.66514063
1.58770408 1348408.22046054 1301262509.00484991
1.59008445 1307801.51658779 1298038722.29678774
1.59246482 1311150.22454221 1394520997.64018679
1.59484518 1368519.13409243 1470788914.94879723
1.59722555 1496224.73545147 1646691129.12965465
1.59960591 1638498.63594991 1875661537.23925185
1.60198628 1831700.71996021 2009119002.52053094
1.60436665 2007111.89062990 2137394693.93748212
1.60674701 2131001.68887087 2326936802.98158646
1.60912738 2226733.78275750 2281700016.98793554
1.61150774 2283984.00098892 2340213600.57576656
1.61388811 2298834.57816873 2425363455.92597628
1.61626847 2347883.30680153 2474958813.61208057
1.61864884 2435983.08426386 2575097936.61718464
1.62102921 2580258.45352423 3023570783.99580765
1.62340957 2882336.30504843 3287131926.19483805
1.62578994 3290422.34854338 3780988869.27765083
1.62817030 3721445.73747800 4470699064.64254856
1.63055067 4253757.43543535 4646832279.10733318
1.63293104 4587198.69605857 4736258296.87491608
1.63531140 4643390.48713227 4633822186.53505325
1.63769177 4404773.94157324 3982395234.83843803
1.64007213 3870160.57807428 3324335731.30230522
1.64245250 3233789.62188940 2769500239.11057711
1.64483287 2598030.24306808 2140366674.78665686
1.64721323 2096343.46208292 1816859228.04790545
1.64959360 1755419.54400764 1606745679.37981510
1.65197396 1522981.68661594 1445792434.59178448
1.65435433 1396900.90298723 1385240775.60301995
1.65673470 1343589.50106985 1426879623.64151812
1.65911506 1348657.48926419 1450953829.11403179
1.66149543 1408693.03797479 1580424430.83941364
1.66387579 1502304.59205267 1765496052.34573412
1.66625616 1662425.66134250 1906958547.16755986
1.66863653 1831852.59093906 2103544942.15036750
1.67101689 1995773.18989598 2293018405.47262001
1.67339726 2127104.27223805 2235141637.53849697
1.67577762 2167935.63291804 2277525355.19985485
1.67815799 2130519.50907377 2169974425.54912472
1.68053836 2026119.91181057 1984109031.60943651
1.68291872 1893233.80878763 1881502837.50409007
1.68529909 1761706.77668922 1758095724.47172880
1.68767945 1641545.96122477 1605425510.38792491
1.69005982 1536292.35443821 1568096449.01440215
1.69244018 1441265.11857941 1455539376.77245808
1.69482055 1347721.64515968 1319148552.40361810
1.69720092 1264763.71275515 1294727197.87991452
1.69958128 1197712.48647541 1228812932.24123597
1.70196165 1143081.79743371 1166534090.52398133
1.70434201 1104672.43420832 1173187911.28387022
1.70672238 1080283.52788570 1153855395.93915200
1.70910275 1066409.79291973 1136360403.65450954
1.71148311 1063012.53849814 1163702245.56304598
1.71386348 1063713.20435379 1175801827.87780356
1.71624384 1073791.62363270 1173285060.81562376
1.71862421 1088390.59444863 1200214308.46980572
1.72100458 1107208.77165111 1248560090.80126262
1.72338494 1130942.11123303 1229610901.32338381
1.72576531 1154564.22659473 1308150805.60577726
1.72814567 1180641.52130485 1326216361.00024652
1.73052604 1207847.32331534 1315942298.48192501
1.73290641 1225272.15873550 1355590261.69755292
1.73528677 1235724.94229494 1367483397.78371215
1.73766714 1233077.90602679 1314278344.29710937
1.74004750 1218052.21899639 1339814982.60926867
1.74242787 1196263.37732970 1278056658.09794593
1.74480824 1167175.03022643 1239911130.00909376
1.74718860 1135449.75275558 1239814944.58423495
1.74956897 1108957.91107713 1208414631.98850155
1.75194933 1088661.83062027 1186300137.81689596
1.75432970 1076497.40273766 1205394816.62695217
1.75671007 1079135.91461679 1237012077.71099949
1.75909043 1103489.81062533 1254587697.59601331
1.76147080 1137432.18277064 1325531751.01093316
1.76385116 1186689.12355500 1408356154.81312108
1.76623153 1241936.64445601 1412504480.01616144
1.76861190 1280602.42975173 1472386939.94717383
1.77099226 1304151.40827916 1475935665.84264588
1.77337263 1310777.67836825 1446882367.32132077
1.77575299 1302324.36302549 1459367886.10991311
1.77813336 1300684.39047229 1494488712.25155020
1.78051372 1322556.38252350 1518773360.88177538
1.78289409 1359689.66954501 1615761565.65032411
1.78527446 1426091.40834097 1741897279.80182123
1.78765482 1527980.07000160 1827925398.52804732
1.79003519 1640866.60550094 2038358298.62891221
1.79241555 1788033.59528852 2297390093.32594299
1.79479592 1990805.97341936 2473263685.28774405
1.79717629 2198456.60914466 2811099177.71885538
1.79955665 2448692.66351817 3148824144.28082418
1.80193702 2735729.05671662 3363531409.05170107
1.80431738 2976576.46818735 3686659381.24621677
1.80669775 3178154.63900536 3808461607.84283972
1.80907812 3343688.85675403 3887558377.54815578
1.81145848 3395247.49130843 3868699667.56132221
1.81383885 3381730.47863752 3825152830.59031010
1.81621921 3289039.40721437 3592050145.67529297
1.81859958 3123521.86580460 3324878495.65611029
1.82097995 2926829.66166911 3166353985.08594179
1.82336031 2710919.50777906 2850942278.67823267
1.82574068 2468348.29322791 2587833036.07456446
1.82812104 2248334.52308824 2404476225.00492239
1.83050141 2035966.32091865 2110009922.76274085
1.83288178 1852510.90672760 1986072711.25932908
1.83526214 1703321.36471641 1861790768.36187148
1.83764251 1592635.38782025 1777022070.49905324
1.84002287 1516230.43557940 1710907659.12834859
1.84240324 1473650.00786249 1729367574.70943284
1.84478361 1461849.17557856 1727363883.10244846
1.84716397 1462628.18213586 1705761163.39038444
1.84954434 1467952.80842546 1772096888.16983867
1.85192470 1491664.04728101 1760888385.69603324
1.85430507 1502464.49291470 1759184191.61854863
1.85668543 1508734.29812912 1829935419.59729004
1.85906580 1517359.38606740 1793338652.97818279
1.86144617 1523652.21153626 1789900028.76287913
1.86382653 1528522.65479324 1846840623.69578052
1.86620690 1555889.32072096 1898565045.45123768
1.86858726 1588757.36021024 1909575941.77662706
1.87096763 1634910.90905533 2038892472.46344972
1.87334800 1696249.97709106 2092148204.17006254
1.87572836 1762551.14083409 2176152500.23155022
1.87810873 1825631.29214056 2260177589.39521599
1.88048909 1880347.41214244 2289524331.64096355
1.88286946 1917524.56586345 2284768445.35948801
1.88524983 1916752.05147608 2300282976.13453150
1.88763019 1894796.52070390 2232550309.12381124
1.89001056 1854277.66538523 2159064152.32144594
1.89239092 1802223.83332341 2144561767.70195937
1.89477129 1769440.40239436 2107576838.78608418
1.89715166 1751934.19682966 2106044744.88298345
1.89953202 1746305.75860944 2139330531.35947847
1.90191239 1757872.25255504 2178568591.88532352
1.90429275 1788644.16410946 2173832576.68433762
1.90667312 1810018.79823842 2273142280.98352861
1.90905349 1849586.88444551 2299449719.63938427
1.91143385 1897235.74227672 2351856317.09304380
1.91381422 1926172.24987145 2397808779.08145189
1.91619458 1980023.76472457 2491206734.03274632
1.91857495 2030323.33662001 2511284449.61957502
1.92095532 2066900.78157990 2580253562.71511364
1.92333568 2106329.43895111 2654033132.61243105
1.92571605 2147275.99725925 2628853180.53065062
1.92809641 2156565.36548864 2672126257.48376465
1.93047678 2172460.37193802 2689541899.72829962
1.93285715 2195544.40794147 2749012547.42352343
1.93523751 2206270.10226607 2722218933.39006662
1.93761788 2233157.45150949 2849233216.94113731
1.93999824 2281211.54278714 2891733069.76019478
1.94237861 2320813.05759245 2918771835.82088614
1.94475897 2363378.00471327 3033787912.31453943
1.94713934 2402049.02004318 2984726173.05064821
1.94951971 2405097.64145902 2957623934.85130644
1.95190007 2375601.55409743 2928850920.32452488
1.95428044 2339337.79578636 2853684828.39120007
1.95666080 2273852.45290135 2729569052.14271402
1.95904117 2199491.58109808 2652891987.63638926
1.96142154 2117232.23275051 2552109079.56756544
1.96380190 2028703.56086452 2430540169.05028343
1.96618227 1929000.13416689 2322202459.79274035
1.96856263 1840097.03628585 2202809544.40146780
1.97094300 1749650.15440943 2085886874.09132552
1.97332337 1671383.71321420 2026616739.19852066
1.97570373 1604605.49421894 1976457716.00653458
1.97808410 1555041.47600829 1876268420.26356053
1.98046446 1501014.73621085 1865408877.83581161
1.98284483 1467670.24219969 1825769828.44646549
1.98522520 1433100.33630021 1780045769.28112197
1.98760556 1399407.05132164 1731755133.40127158
1.98998593 1375500.50309871 1749357450.64014006
1.99236629 1358196.77844731 1700989975.41379213
1.99474666 1335156.96657284 1674576978.25312829
1.99712703 1320644.30461603 1702279685.15335560
1.99950739 1318574.50437905 1703046717.59546852
2.00188776 1316110.29180484 1686424425.14030790
2.00426812 1332088.80342836 1772552342.33298731
2.00664849 1360362.50370912 1806011760.72639251
2.00902886 1395681.42250880 1819965983.82760262
2.01140922 1430790.86778900 1901044050.49608874
2.01378959 1461217.56379407 1932528655.54735184
2.01616995 1472963.91428914 1885688263.17383218
2.01855032 1472043.92129105 1906522041.77778554
2.02093068 1459817.79615451 1862514028.86217976
2.02331105 1447174.84760076 1868750409.46549463
2.02569142 1433090.80480483 1851094077.79686093
2.02807178 1423918.52138220 1847906260.36646676
2.03045215 1409539.48159151 1787295352.24991894
2.03283251 1394146.14060056 1812665535.52715254
2.03521288 1373231.46630845 1749823320.75768900
2.03759325 1348091.92662380 1735035061.71553564
2.03997361 1316415.06958690 1666444201.99621916
2.04235398 1281880.15538171 1634733656.92055392
2.04473434 1243143.46533882 1596517320.53645229
2.04711471 1206740.22716285 1518763153.92663264
2.04949508 1174604.14070119 1528332172.23658633
2.05187544 1149121.93401247 1492939856.96064019
2.05425581 1126747.06185709 1467014047.81773663
2.05663617 1107180.41344735 1427570892.55324554
2.05901654 1091415.05546884 1445374190.80730820
2.06139691 1073829.26508715 1384251406.76458931
2.06377727 1057487.70570251 1396762861.05037928
2.06615764 1043138.80586287 1382535878.45118332
2.06853800 1036383.71697990 1373461041.00945067
2.07091837 1034232.71160350 1384941417.83506536
2.07329874 1044450.54135374 1426111797.85710883
2.07567910 1059518.42337081 1445942940.60497642
2.07805947 1082292.62021331 1485196054.60961771
2.08043983 1107528.75064103 1520967828.64278078
2.08282020 1130831.09936266 1553718990.08175707
2.08520057 1144122.96765961 1515179056.94356918
2.08758093 1141807.88013833 1518643574.29329014
2.08996130 1127426.55849539 1513371246.11132693
2.09234166 1108696.88359804 1464107020.37595057
2.09472203 1095888.48830535 1473750646.94218946
2.09710240 1089246.59788780 1502828050.99928951
2.09948276 1096954.78175131 1505184112.21135640
2.10186313 1118264.57073652 1543863265.05280685
2.10424349 1145299.15805104 1624021292.95556903
2.10662386 1175974.86817927 1623777088.77087426
2.10900422 1204582.41006741 1675467984.36178970
2.11138459 1223862.66206121 1673518348.42096233
2.11376496 1231433.66329725 1682917894.20385623
2.11614532 1231103.06818131 1653185122.71258426
2.11852569 1220963.90156025 1650391531.46794605
2.12090605 1196803.14102099 1609640750.85232496
2.12328642 1165561.73124716 1518011041.23224926
2.12566679 1124452.62313500 1484470387.87415218
2.12804715 1078046.75953097 1429334118.59062338
2.13042752 1031265.59782873 1370145433.51010680
2.13280788 989989.47507956 1305810739.83715248
2.13518825 958041.62864061 1313496367.26795030
2.13756862 934872.85926545 1263987225.23997378
2.13994898 923967.26991226 1277188402.85151029
2.14232935 923491.25296566 1291571414.06354809
2.14470971 931197.84719794 1333348778.02769613
2.14709008 954437.20689169 1367660190.13207698
2.14947045 983928.19433962 1427288989.26944423
2.15185081 1018037.79548463 1468138600.42441368
2.15423118 1053940.12952219 1489171602.84312963
2.15661154 1079892.38784853 1535233325.25460625
2.15899191 1085737.85378685 1518722013.04612684
2.16137228 1074060.82959415 1456011869.34155130
2.16375264 1042988.44508707 1395796885.66959906
2.16613301 1001289.01411019 1384086464.46291423
2.16851337 961839.09969626 1285646187.68274784
2.17089374 926925.87432065 1282774684.76518440
2.17327411 908480.65493285 1286151029.92835903
2.17565447 899406.31463522 1268004313.97270274
2.17803484 907662.35789027 1314505940.48390841
2.18041520 924406.42790711 1348293544.95278358
2.18279557 953531.50279546 1422065974.68466687
2.18517593 989607.49804083 1427723443.28989816
2.18755630 1027139.16783446 1518787648.69289970
2.18993667 1059126.67272866 1560849583.82098985
2.19231703 1084676.56971577 1564988089.32506418
2.19469740 1098237.25566671 1548177572.05148363
2.19707776 1097998.27805070 1584983729.79574299
2.19945813 1089335.89676683 1534737334.66635466
2.20183850 1073242.89137507 1487750155.26583695
2.20421886 1048449.72182230 1474774976.33915448
2.20659923 1017788.11341557 1416968878.10408854
2.20897959 985374.74137976 1351730360.79255199
2.21135996 953265.41663791 1342049107.55361080
2.21374033 921104.39777187 1307295503.03294754
2.21612069 897867.79054461 1256790503.00392294
2.21850106 883818.91913075 1270897826.41114831
2.22088142 876481.25959390 1302087393.61429143
2.22326179 882173.03090399 1282428538.51741982
2.22564216 897430.74773787 1330531904.28408909
2.22802252 920783.32476408 1387110737.58604312
2.23040289 950075.84766167 1427856514.95948458
2.23278325 973981.25167768 1414682680.53299904
2.23516362 986529.06592259 1452976775.14777994
2.23754399 981078.17363118 1416554974.32601500
2.23992435 961027.79805021 1331670760.35214782
2.24230472 933196.04789919 1334341907.96703577
2.24468508 901582.37024800 1297807222.66782045
2.24706545 874533.16891363 1245912714.94150782
2.24944582 854535.46978156 1220383335.22327590
2.25182618 842224.52396361 1265575579.41239619
2.25420655 838129.52278967 1224338350.50459957
2.25658691 840314.58510954 1259580394.41107535
2.25896728 847631.49018242 1279172219.97666311
2.26134765 861395.43432772 1319403190.97854114
2.26372801 883726.18283894 1319028857.22780204
2.26610838 910931.53123467 1412569870.15774798
2.26848874 945495.22768256 1496508054.39828753
2.27086911 987794.09531240 1503891022.79888058
2.27324947 1027950.11811270 1566196067.83092523
2.27562984 1063269.56404000 1663520037.32688832
2.27801021 1093701.53670407 1661543048.00523639
2.28039057 1115878.47414724 1681492667.79458046
2.28277094 1128518.56898965 1696311554.38354850
2.28515130 1134656.55811609 1744478243.29467559
2.28753167 1143920.15953749 1680655922.63092327
2.28991204 1151134.19358282 1792622057.12324953
2.29229240 1164796.65829971 1805803092.14872861
2.29467277 1188810.46224406 1847471879.45624971
2.29705313 1235767.14344900 1957088395.24173951
2.29943350 1316132.07480951 2195394064.91024399
2.30181387 1421887.34773980 2323303699.54919767
2.30419423 1539631.34496302 2447285469.49744892
2.30657460 1650226.21004548 2687500624.29410744
2.30895496 1737233.75843187 2718489454.47886848
2.31133533 1782616.03572385 2715746903.04993629
2.31371570 1786675.59411180 2685572415.44876671
2.31609606 1759877.07434388 2619357558.73261881
2.31847643 1708648.11398083 2512225347.53479767
2.32085679 1659329.82003619 2442309021.04530048
2.32323716 1624956.10182655 2511353584.96781206
2.32561753 1590470.92144890 2347566824.85332680
2.32799789 1552623.56141093 2284668419.28201818
2.33037826 1503071.32847501 2248228628.13081741
2.33275862 1455164.16060247 2240919196.46458244
2.33513899 1424614.87378549 2176951882.44579744
2.33751936 1432205.18581960 2264850682.71521950
2.33989972 1487098.28149391 2456722935.06021929
2.34228009 1554887.93358242 2447742898.37384224
2.34466045 1606130.51074399 2516555089.62358093
2.34704082 1635188.49228303 2564223081.74066591
2.34942118 1624982.94153401 2502357900.48457527
2.35180155 1616510.27163086 2516351339.52716398
2.35418192 1639316.83356819 2704688162.65955830
2.35656228 1736000.10440280 3050608943.61294460
2.35894265 1912607.48815859 3290479070.69827700
2.36132301 2147832.29157851 3694932341.66645956
2.36370338 2379222.37068027 4082264683.84118557
2.36608375 2540301.60786633 3985585046.42722034
2.36846411 2563077.20027474 3778868052.24558067
2.37084448 2447453.40171346 3528126545.87028408
2.37322484 2228759.66258388 3110262521.81448030
2.37560521 1958603.60315773 2651358342.21398067
2.37798558 1708349.44730282 2368952837.58559704
2.38036594 1507926.69483488 2175156990.50963306
2.38274631 1358623.97908159 1992423762.67321968
2.38512667 1267445.14164963 1908832384.90314126
2.38750704 1220481.06451607 1927686478.39298344
2.38988741 1199555.99153266 1909439371.72546911
2.39226777 1190423.54845727 1833391960.54432654
2.39464814 1176005.10618623 1833193825.32612300
2.39702850 1150058.86155968 1799051096.21997905
2.39940887 1109840.28144354 1667301860.44510102
2.40178924 1063330.26814101 1603588702.07908893
2.40416960 1017505.52162379 1584392620.43420911
2.40654997 976212.33544930 1532497293.54845262
2.40893033 946570.28631776 1457352460.86820936
2.41131070 931215.62994774 1487201753.74124026
2.41369107 927183.13824267 1552118905.20781898
2.41607143 936139.26731473 1498149324.42880511
2.41845180 953021.19874606 1557322228.08266449
2.42083216 974544.57326825 1634232092.69460106
2.42321253 993454.15969277 1614722453.04095864
2.42559290 1000447.61650617 1590805248.53533053
2.42797326 997370.06177764 1595826173.98692441
2.43035363 983863.23920279 1590366217.07180619
2.43273399 967376.04444757 1537966320.51954770
2.43511436 955852.28124273 1525073190.38459921
2.43749472 951980.76803034 1600135063.86893344
2.43987509 960465.22441112 1584883422.17272687
2.44225546 983788.59228599 1628262966.41886330
2.44463582 1018938.02654497 1774101049.27634978
2.44701619 1066807.60629967 1851132695.06437445
2.44939655 1125993.12351848 1938993934.62616730
2.45177692 1193961.78240528 2049611156.98812675
2.45415729 1262075.83558382 2225797902.91949558
2.45653765 1329628.37689337 2263839338.78864288
2.45891802 1382075.29840576 2263148698.79653740
2.46129838 1404809.86889915 2343529734.39405584
2.46367875 1396620.81906678 2249241933.86328077
2.46605912 1359880.25021964 2156263247.24328804
2.46843948 1310001.97280880 2036575991.84709835
2.47081985 1256370.13685817 2049794644.81611562
2.47320021 1206471.24474168 1934852015.87578917
2.47558058 1164871.77355556 1812317539.01096177
2.47796095 1125663.06770867 1851974864.03012586
2.48034131 1085565.57094380 1747389932.78237271
2.48272168 1043217.87031783 1648070077.92680979
2.48510204 1001866.30877010 1598959325.89695024
2.48748241 969066.25811936 1602408996.59341002
2.48986278 947050.23439327 1596587291.84408641
2.49224314 943052.15111878 1546999762.59047747
2.49462351 951999.85390183 1640673662.66267633
2.49700387 967378.33883413 1664572553.21810937
2.49938424 978584.68737102 1630444783.56822181
2.50176461 979246.11625719 1610087036.61219668
2.50414497 965859.05015729 1600604529.47989392
2.50652534 937671.07760978 1544503647.79592490
2.50890570 905867.24210905 1443270688.47193027
2.51128607 873650.53781594 1431855982.26686978
2.51366643 846751.02440383 1441947255.48937893
2.51604680 826804.61897327 1367402790.93795562
2.51842717 812962.42029605 1337439604.22835565
2.52080753 808120.60678450 1408371832.94308019
2.52318790 808944.18893916 1393642611.87440038
2.52556826 817385.69611402 1410372018.82048392
2.52794863 836519.58411654 1470914206.97472453
2.53032900 864226.91361617 1565502976.30040336
2.53270936 908591.39657597 1672913312.01553869
2.53508973 968681.70933152 1727234154.13138390
2.53747009 1036755.19455665 1927742613.51652884
2.53985046 1109172.96519938 2030197957.32180786
2.54223083 1170142.91488289 2044100260.85759425
2.54461119 1208811.50849059 2105191236.87762475
2.54699156 1222526.85068387 2104571120.01126361
2.54937192 1210915.48907438 2057764165.41981673
2.55175229 1188085.54585440 1973205729.63486648
2.55413266 1159345.31705926 1952889238.23566318
2.55651302 1130144.23509008 1940468191.09237671
2.55889339 1102538.74493885 1850068338.58771396
2.56127375 1074996.12933627 1780218185.83273411
2.56365412 1044116.23802506 1792442573.84574723
2.56603449 1007556.25286439 1684682034.93650103
2.56841485 968208.06605546 1600456736.81251287
2.57079522 934300.48850701 1573021788.21285200
2.57317558 905596.88440579 1571947041.94523978
2.57555595 886602.95653990 1548748700.18633008
2.57793632 877975.45362037 1481445700.90743327
2.58031668 873493.92742184 1559226623.75802040
2.58269705 875970.01334720 1575088654.47516942
2.58507741 882897.22784483 1547180160.55761909
2.58745778 894323.79222984 1567828071.39515305
2.58983815 901568.75870912 1613064557.25334549
2.59221851 905198.96591097 1592436425.00335526
2.59459888 897653.00169298 1528742289.42198181
2.59697924 880104.94497523 1512600996.35053492
2.59935961 857483.55802185 1499441336.74921846
2.60173997 831636.90335509 1439900975.93394446
2.60412034 808933.13254716 1360489317.83941698
2.60650071 790982.16153454 1411583287.68565941
2.60888107 779019.47444021 1380297959.63234854
2.61126144 771116.17856556 1353597930.12325358
2.61364180 770841.64585607 1376111626.16720414
2.61602217 775711.17596798 1424437011.22115993
2.61840254 786113.14085053 1447816517.29694653
2.62078290 804789.61495105 1460488987.52166533
2.62316327 830767.34216249 1543521619.67280889
2.62554363 863750.20686783 1652017203.56159234
2.62792400 902741.64129049 1698024771.15239525
2.63030437 945448.09084209 1755535256.48397183
2.63268473 991267.79022246 1903416107.30405426
2.63506510 1042396.55383574 1979603491.12773919
2.63744546 1096125.96407959 2076455386.72244740
2.63982583 1154227.56349219 2151256128.69350290
2.64220620 1209930.33109871 2296538211.75650644
2.64458656 1252885.00368604 2350179805.01306200
2.64696693 1282849.23854425 2260233059.46982813
2.64934729 1287148.66712405 2315858319.72704840
2.65172766 1262048.13064144 2233094584.49108553
2.65410803 1205774.61365609 2039292601.12205911
2.65648839 1132940.33395670 1894801806.51729131
2.65886876 1056188.29794721 1814089293.44534945
2.66124912 979529.85607200 1668422379.65667081
2.66362949 913203.27293742 1578510899.52974486
2.66600986 863045.87180413 1495613001.80332232
2.66839022 826305.52585819 1464584501.87116432
2.67077059 799882.30577344 1461329036.05723572
2.67315095 783134.53164911 1401554808.75078845
2.67553132 775625.24003917 1420459268.80915141
2.67791168 781330.73091813 1495418910.02629304
